0 0.112069 0.654098 0.068966 0.062295
0 0.038314 0.4 0.038314 0.039344
0 0.033525 0.355191 0.045977 0.037158
0 0.475096 0.746995 0.055556 0.071038
0 0.511973 0.728415 0.037356 0.062295
0 0.581418 0.752459 0.059387 0.055738
0 0.649425 0.703825 0.034483 0.045902
0 0.721264 0.697268 0.028736 0.032787
0 0.793582 0.698361 0.025862 0.032787
0 0.479406 0.636612 0.039272 0.042623
0 0.521552 0.630055 0.048851 0.055738
0 0.58477 0.639891 0.071839 0.081967
0 0.642241 0.619126 0.031609 0.038251
0 0.676245 0.616393 0.02682 0.032787
0 0.710728 0.615847 0.024904 0.027322
0 0.745211 0.617486 0.024904 0.024044
0 0.667625 0.404918 0.042146 0.036066
0 0.716475 0.395082 0.05364 0.062295
0 0.774425 0.396175 0.048851 0.057923
0 0.868774 0.151366 0.028736 0.031694
0 0.872126 0.125137 0.027778 0.027322
0 0.874521 0.098907 0.02682 0.025137
0 0.877395 0.073224 0.032567 0.02623
0 0.961207 0.215301 0.037356 0.030601
0 0.961207 0.175956 0.035441 0.028415
0 0.958333 0.148634 0.035441 0.032787
0 0.955939 0.118033 0.04023 0.034973
0 0.962165 0.084699 0.037356 0.03388
0 0.968391 0.066667 0.051724 0.043716
0 0.956897 0.037158 0.02682 0.02623
0 0.967433 0.008743 0.028736 0.017486
