0 0.058769 0.618033 0.035448 0.03388
0 0.060168 0.64918 0.034515 0.028415
0 0.059235 0.681967 0.028918 0.04153
0 0.172575 0.63224 0.059701 0.066667
0 0.254664 0.615301 0.076493 0.069945
0 0.335354 0.596175 0.073694 0.068852
0 0.415112 0.57541 0.074627 0.064481
0 0.492537 0.554645 0.078358 0.068852
0 0.569496 0.520219 0.07556 0.069945
0 0.608675 0.623497 0.040112 0.044809
0 0.625 0.688525 0.035448 0.04153
0 0.688433 0.718033 0.046642 0.048087
0 0.750933 0.705464 0.039179 0.051366
0 0.775653 0.459016 0.060634 0.065574
0 0.766325 0.395082 0.038246 0.042623
0 0.833955 0.606011 0.039179 0.09071
