0 0.356801 0.08306 0.045019 0.045902
0 0.374042 0.172678 0.023946 0.017486
0 0.416188 0.180328 0.023946 0.019672
0 0.461686 0.184699 0.017241 0.019672
0 0.50431 0.186339 0.033525 0.029508
0 0.545019 0.195082 0.022989 0.018579
0 0.360153 0.246448 0.021073 0.020765
0 0.447797 0.261749 0.033525 0.025137
0 0.537356 0.278689 0.030651 0.043716
0 0.561782 0.466667 0.035441 0.030601
0 0.529693 0.700546 0.028736 0.034973
0 0.376916 0.724044 0.056513 0.04918
0 0.359195 0.772131 0.04023 0.051366
0 0.346264 0.819126 0.039272 0.051366
0 0.336207 0.876503 0.072797 0.069945
