0 0.119732 0.238251 0.04023 0.048087
0 0.161398 0.253552 0.043103 0.048087
0 0.207375 0.255191 0.043103 0.051366
0 0.261494 0.260109 0.045977 0.050273
0 0.390326 0.314754 0.046935 0.045902
0 0.382184 0.373224 0.072797 0.071038
0 0.328544 0.648087 0.061303 0.065574
0 0.340517 0.728415 0.054598 0.066667
0 0.332854 0.803279 0.052682 0.072131
0 0.308908 0.90929 0.071839 0.076503
0 0.675766 0.298907 0.071839 0.066667
0 0.674808 0.386885 0.100575 0.093989
0 0.678161 0.483607 0.105364 0.095082
0 0.679119 0.585792 0.101533 0.102732
0 0.680556 0.825683 0.119732 0.13224
0 0.684387 0.950273 0.113985 0.097268
0 0.886494 0.173224 0.048851 0.046995
0 0.863506 0.28306 0.090996 0.085246
0 0.863985 0.406557 0.103448 0.098361
0 0.885057 0.54918 0.105364 0.101639
0 0.893678 0.683607 0.090038 0.086339
0 0.933429 0.961202 0.125479 0.073224
