0 0.041667 0.746586 0.061828 0.094082
0 0.045699 0.646434 0.062724 0.106222
0 0.054211 0.543247 0.068996 0.100152
0 0.075717 0.119879 0.049283 0.084977
0 0.107527 0.284522 0.044803 0.101669
0 0.157258 0.285281 0.052867 0.078907
0 0.191756 0.645675 0.069892 0.07739
0 0.253136 0.58346 0.049283 0.08953
0 0.364247 0.650986 0.054659 0.091047
0 0.398746 0.269347 0.046595 0.101669
0 0.499552 0.381639 0.052867 0.07739
0 0.495072 0.465099 0.067204 0.080425
0 0.557796 0.622155 0.045699 0.081942
0 0.608871 0.669196 0.054659 0.081942
0 0.663978 0.643399 0.053763 0.084977
0 0.668907 0.547041 0.070789 0.101669
0 0.657706 0.38695 0.051971 0.084977
0 0.788978 0.292868 0.051075 0.078907
0 0.800627 0.389226 0.03853 0.056146
0 0.804211 0.57132 0.049283 0.06525
0 0.865143 0.745827 0.031362 0.056146
0 0.960125 0.719272 0.054659 0.072838
0 0.96819 0.590288 0.058244 0.063733
0 0.966398 0.52959 0.060036 0.072838
0 0.963262 0.460546 0.053763 0.062215
0 0.979391 0.27997 0.037634 0.107739
