0 0.10249 0.00929 0.038314 0.022951
0 0.230843 0.104918 0.086207 0.061202
0 0.23659 0.185792 0.059387 0.052459
0 0.327107 0.164481 0.079502 0.073224
0 0.387452 0.456831 0.068008 0.06776
0 0.453065 0.490164 0.076628 0.066667
0 0.4909 0.569399 0.10249 0.100546
0 0.481322 0.454098 0.033525 0.036066
0 0.516762 0.495082 0.033525 0.034973
0 0.532567 0.515847 0.030651 0.032787
0 0.550287 0.537705 0.033525 0.032787
0 0.569444 0.569399 0.035441 0.039344
0 0.595785 0.606557 0.036398 0.043716
0 0.57567 0.495628 0.032567 0.03388
0 0.692529 0.668306 0.04023 0.038251
0 0.670498 0.698361 0.04023 0.039344
0 0.698276 0.738798 0.042146 0.048087
0 0.710728 0.818033 0.051724 0.04918
0 0.612548 0.854645 0.052682 0.061202
0 0.796456 0.897814 0.041188 0.038251
0 0.966954 0.983607 0.048851 0.030601
0 0.645115 0.749727 0.077586 0.093989
