0 0.166188 0.036066 0.035441 0.032787
0 0.048372 0.093989 0.033525 0.032787
0 0.079981 0.117486 0.041188 0.027322
0 0.15182 0.15847 0.041188 0.034973
0 0.048851 0.194536 0.057471 0.04153
0 0.100096 0.269399 0.041188 0.036066
0 0.194923 0.22459 0.039272 0.036066
0 0.277299 0.212568 0.048851 0.03388
0 0.235153 0.303279 0.035441 0.036066
0 0.288793 0.292896 0.048851 0.037158
0 0.224138 0.520765 0.045977 0.046995
0 0.264847 0.503825 0.054598 0.045902
0 0.217912 0.726776 0.050766 0.045902
0 0.268199 0.702186 0.061303 0.04918
0 0.741379 0.092896 0.034483 0.028415
