0 0.221549 0.157923 0.034515 0.03388
0 0.010261 0.286885 0.016791 0.018579
0 0.076959 0.244809 0.01959 0.019672
0 0.117071 0.280328 0.023321 0.016393
0 0.138526 0.288525 0.025187 0.017486
0 0.150653 0.306011 0.023321 0.019672
0 0.057369 0.327869 0.034515 0.02623
0 0.114272 0.39071 0.023321 0.020765
0 0.138993 0.377596 0.020522 0.018579
0 0.125 0.396175 0.022388 0.022951
0 0.137593 0.410929 0.023321 0.021858
0 0.154384 0.397814 0.021455 0.021858
0 0.16791 0.43388 0.020522 0.021858
0 0.185168 0.412568 0.021455 0.020765
0 0.230877 0.363388 0.021455 0.018579
0 0.249534 0.378142 0.025187 0.019672
0 0.29291 0.412568 0.022388 0.027322
0 0.227612 0.432787 0.037313 0.030601
0 0.266791 0.50929 0.050373 0.054645
0 0.398321 0.536612 0.044776 0.059016
0 0.440299 0.475956 0.054104 0.057923
0 0.409515 0.613115 0.016791 0.019672
0 0.444963 0.610383 0.020522 0.022951
0 0.756996 0.851366 0.051306 0.052459
