0 0.221082 0.774863 0.067164 0.100546
0 0.342351 0.42459 0.067164 0.055738
0 0.40625 0.472678 0.023321 0.022951
0 0.384795 0.13388 0.030784 0.027322
0 0.470616 0.261749 0.04944 0.040437
0 0.517257 0.266667 0.055037 0.056831
0 0.596082 0.238798 0.026119 0.025137
0 0.612407 0.29071 0.04944 0.037158
0 0.63806 0.318579 0.041045 0.038251
0 0.510261 0.380328 0.035448 0.034973
0 0.520522 0.418033 0.037313 0.038251
0 0.525187 0.468306 0.063433 0.062295
0 0.561101 0.494536 0.058769 0.04918
0 0.576959 0.536066 0.064366 0.04918
0 0.617537 0.444262 0.041045 0.046995
0 0.752799 0.577049 0.074627 0.080874
0 0.743004 0.453005 0.01959 0.018579
0 0.804104 0.413115 0.016791 0.021858
0 0.818563 0.429508 0.021455 0.024044
