0 0.219349 0.136612 0.042146 0.032787
0 0.276341 0.123497 0.083333 0.065574
0 0.308908 0.168306 0.071839 0.045902
0 0.320881 0.268852 0.036398 0.039344
0 0.339559 0.302186 0.025862 0.029508
0 0.353927 0.325137 0.037356 0.03388
0 0.367337 0.362842 0.037356 0.04153
0 0.386494 0.39235 0.031609 0.037158
0 0.375479 0.283607 0.030651 0.03388
0 0.386973 0.243716 0.02682 0.032787
0 0.395594 0.264481 0.030651 0.028415
0 0.400862 0.289617 0.029693 0.034973
0 0.410441 0.315301 0.033525 0.036066
0 0.462644 0.185246 0.034483 0.027322
0 0.512931 0.189617 0.027778 0.031694
0 0.471743 0.220765 0.027778 0.032787
0 0.485632 0.249727 0.028736 0.040437
0 0.515326 0.302186 0.034483 0.029508
0 0.427682 0.430601 0.064176 0.072131
0 0.489464 0.389617 0.063218 0.055738
0 0.529215 0.381421 0.050766 0.052459
0 0.603927 0.43224 0.048851 0.046995
0 0.602011 0.468306 0.071839 0.060109
0 0.710249 0.906011 0.060345 0.06776
