0 0.1875 0.843716 0.05597 0.061202
0 0.342351 0.794536 0.050373 0.074317
0 0.502332 0.720765 0.058769 0.066667
0 0.608675 0.65082 0.036381 0.036066
0 0.655784 0.60765 0.048507 0.054645
0 0.631996 0.553552 0.027052 0.03388
0 0.68097 0.518033 0.029851 0.032787
0 0.720149 0.562295 0.04291 0.04918
0 0.655784 0.391257 0.035448 0.037158
0 0.644123 0.352459 0.01959 0.022951
0 0.628265 0.335519 0.025187 0.024044
0 0.604944 0.292896 0.036381 0.050273
0 0.900653 0.430055 0.028918 0.029508
0 0.787313 0.401093 0.020522 0.024044
0 0.76959 0.385246 0.022388 0.022951
0 0.749067 0.350273 0.022388 0.027322
0 0.729478 0.338798 0.020522 0.028415
0 0.707556 0.308197 0.021455 0.02623
0 0.694963 0.297268 0.020522 0.02623
0 0.73694 0.270492 0.04291 0.04918
0 0.770056 0.248634 0.041978 0.053552
