0 0.354011 0.402186 0.036381 0.037158
0 0.405784 0.428962 0.035448 0.036066
0 0.472481 0.456831 0.056903 0.061202
0 0.55597 0.408197 0.072761 0.07541
0 0.608209 0.364481 0.046642 0.03388
0 0.61194 0.39235 0.059701 0.052459
0 0.651119 0.377049 0.041045 0.04153
0 0.697761 0.439344 0.059701 0.065574
0 0.328825 0.465574 0.036381 0.034973
0 0.245802 0.474863 0.027052 0.029508
0 0.272388 0.486339 0.039179 0.028415
0 0.271455 0.507104 0.024254 0.02623
0 0.247201 0.504372 0.024254 0.029508
0 0.230877 0.514208 0.028918 0.025137
0 0.226679 0.537158 0.027985 0.029508
0 0.243937 0.531148 0.030784 0.030601
0 0.243937 0.556284 0.028918 0.037158
0 0.224347 0.560656 0.023321 0.032787
0 0.208022 0.562295 0.027985 0.029508
0 0.233675 0.589071 0.028918 0.037158
0 0.20569 0.614754 0.021455 0.027322
0 0.223414 0.625137 0.032649 0.034973
0 0.153918 0.621858 0.022388 0.030601
0 0.147854 0.645902 0.023321 0.030601
0 0.15625 0.663388 0.028918 0.030601
0 0.129664 0.655738 0.026119 0.037158
0 0.181437 0.622404 0.069963 0.068852
0 0.120336 0.587432 0.026119 0.036066
0 0.104944 0.591803 0.023321 0.031694
0 0.10681 0.570492 0.025187 0.02623
0 0.086287 0.597814 0.025187 0.030601
0 0.09375 0.64918 0.027052 0.032787
0 0.066231 0.645902 0.024254 0.030601
0 0.057369 0.634426 0.023321 0.029508
0 0.099813 0.622404 0.024254 0.031694
0 0.082556 0.625683 0.023321 0.029508
0 0.065299 0.613115 0.024254 0.028415
0 0.072295 0.593989 0.028918 0.04918
0 0.053638 0.583607 0.027052 0.030601
0 0.06903 0.55847 0.031716 0.048087
0 0.023321 0.608197 0.026119 0.029508
0 0.04291 0.623497 0.026119 0.036066
0 0.035914 0.568306 0.066231 0.074317
