0 0.172414 0.108743 0.063218 0.053552
0 0.078544 0.199454 0.04023 0.03388
0 0.041667 0.292896 0.046935 0.037158
0 0.079502 0.340984 0.045977 0.048087
0 0.131226 0.316393 0.057471 0.064481
0 0.157567 0.436612 0.050766 0.053552
0 0.232759 0.605464 0.049808 0.054645
0 0.295019 0.554098 0.061303 0.08306
0 0.379789 0.42623 0.064176 0.056831
0 0.375958 0.32623 0.085249 0.077596
0 0.384579 0.234973 0.090996 0.076503
0 0.573755 0.237705 0.084291 0.077596
0 0.804598 0.361202 0.08046 0.066667
0 0.951149 0.371585 0.055556 0.063388
