0 0.298507 0.912568 0.061567 0.069945
0 0.30597 0.801093 0.059701 0.061202
0 0.307836 0.7 0.057836 0.055738
0 0.327892 0.595628 0.084888 0.087432
0 0.342817 0.43388 0.090485 0.087432
0 0.347015 0.353552 0.08209 0.068852
0 0.525187 0.349727 0.04291 0.043716
0 0.525187 0.565027 0.052239 0.048087
0 0.533116 0.808743 0.053172 0.072131
0 0.381063 0.204918 0.058769 0.04918
0 0.48041 0.190164 0.06903 0.065574
0 0.552239 0.17541 0.04291 0.042623
0 0.625 0.16612 0.039179 0.043716
0 0.347015 0.087432 0.029851 0.034973
0 0.405317 0.087432 0.060634 0.065574
0 0.481343 0.072131 0.076493 0.063388
0 0.357276 0.022404 0.037313 0.040437
