0 0.878831 0.055191 0.064176 0.046995
0 0.878352 0.10929 0.068966 0.037158
0 0.886494 0.171585 0.054598 0.04153
0 0.758142 0.191257 0.045019 0.050273
0 0.689176 0.046995 0.045019 0.037158
0 0.625958 0.227869 0.056513 0.055738
0 0.560345 0.276503 0.051724 0.048087
0 0.406609 0.36612 0.060345 0.059016
0 0.223659 0.438798 0.046935 0.040437
0 0.172414 0.459563 0.045977 0.042623
0 0.173372 0.574863 0.055556 0.050273
0 0.244253 0.69235 0.057471 0.055738
0 0.262931 0.753552 0.054598 0.051366
0 0.450192 0.622951 0.04023 0.065574
0 0.500479 0.585246 0.043103 0.055738
0 0.552682 0.560109 0.047893 0.073224
0 0.594349 0.527322 0.041188 0.064481
0 0.634579 0.475956 0.045019 0.055738
0 0.688697 0.465574 0.057471 0.059016
