0 0.296456 0.017486 0.054598 0.030601
0 0.310824 0.045355 0.060345 0.03388
0 0.304598 0.102732 0.04023 0.037158
0 0.358238 0.202186 0.04023 0.039344
0 0.3659 0.244809 0.042146 0.045902
0 0.253352 0.518579 0.043103 0.04918
0 0.273467 0.597814 0.043103 0.054645
0 0.283525 0.657923 0.04023 0.059016
0 0.300766 0.717486 0.045977 0.053552
0 0.313218 0.797814 0.086207 0.069945
0 0.329502 0.89235 0.086207 0.07541
0 0.770594 0.801093 0.031609 0.037158
0 0.779693 0.828962 0.038314 0.025137
0 0.829981 0.756831 0.033525 0.053552
0 0.858238 0.813115 0.045977 0.065574
0 0.875479 0.879235 0.057471 0.07541
0 0.930077 0.878142 0.097701 0.103825
0 0.942529 0.956831 0.109195 0.079781
0 0.910441 0.73224 0.045019 0.069945
0 0.915709 0.794536 0.068966 0.080874
0 0.95977 0.701093 0.068966 0.084153
0 0.956897 0.743716 0.034483 0.031694
0 0.972701 0.769945 0.037356 0.031694
0 0.979885 0.806011 0.034483 0.038251
0 0.69636 0.224044 0.038314 0.04153
