0 0.602969 0.808743 0.062261 0.052459
0 0.567529 0.752459 0.048851 0.055738
0 0.523946 0.650273 0.05364 0.054645
0 0.488985 0.606557 0.043103 0.039344
0 0.617337 0.57541 0.029693 0.029508
0 0.636015 0.606011 0.024904 0.031694
0 0.672414 0.670492 0.022989 0.036066
0 0.691092 0.702732 0.031609 0.034973
0 0.720307 0.737705 0.028736 0.032787
0 0.820402 0.583607 0.054598 0.052459
0 0.777778 0.544262 0.028736 0.032787
0 0.749521 0.498907 0.041188 0.04918
0 0.715038 0.461749 0.029693 0.031694
0 0.809387 0.402732 0.045977 0.044809
0 0.771073 0.353005 0.049808 0.039344
0 0.748084 0.322404 0.02682 0.028415
0 0.655172 0.281967 0.022989 0.02623
0 0.528736 0.430601 0.028736 0.028415
0 0.511494 0.405464 0.022989 0.02623
0 0.496169 0.386339 0.028736 0.025137
0 0.48228 0.360109 0.035441 0.031694
0 0.40182 0.451913 0.033525 0.038251
0 0.427203 0.489071 0.045977 0.042623
0 0.26772 0.273224 0.071839 0.056831
0 0.249042 0.215847 0.08046 0.051366
0 0.215996 0.179781 0.043103 0.03388
0 0.20067 0.128962 0.069923 0.048087
0 0.180077 0.083607 0.068966 0.04918
0 0.372126 0.109836 0.060345 0.04918
0 0.337165 0.076503 0.038314 0.028415
0 0.319923 0.053552 0.038314 0.024044
0 0.320881 0.012568 0.034483 0.025137
