0 0.547414 0.13388 0.025862 0.025137
0 0.625958 0.170492 0.029693 0.02623
0 0.66954 0.187978 0.04023 0.037158
0 0.710249 0.20765 0.043103 0.043716
0 0.742816 0.160656 0.043103 0.039344
0 0.774904 0.045902 0.045977 0.045902
0 0.885536 0.155738 0.048851 0.042623
0 0.577107 0.281967 0.07567 0.059016
0 0.788314 0.368852 0.059387 0.04918
0 0.730843 0.471038 0.061303 0.052459
0 0.707854 0.51694 0.059387 0.052459
0 0.684387 0.562842 0.060345 0.052459
0 0.655172 0.610929 0.04023 0.028415
0 0.404693 0.527322 0.079502 0.073224
0 0.337165 0.63388 0.099617 0.100546
0 0.261973 0.750273 0.112069 0.11694
0 0.233716 0.819126 0.055556 0.060109
0 0.177682 0.881967 0.121648 0.131148
