0 0.245336 0.404372 0.024254 0.024044
0 0.088153 0.651913 0.01959 0.025137
0 0.097481 0.690164 0.01959 0.029508
0 0.100746 0.714208 0.016791 0.020765
0 0.245336 0.589617 0.026119 0.040437
0 0.256063 0.612568 0.030784 0.044809
0 0.308302 0.462842 0.017724 0.016393
0 0.312034 0.475956 0.017724 0.018579
0 0.318097 0.492896 0.016791 0.021858
0 0.334888 0.497268 0.024254 0.021858
0 0.317631 0.446995 0.015858 0.017486
0 0.33069 0.439344 0.015858 0.017486
0 0.362873 0.423497 0.018657 0.016393
0 0.406716 0.45847 0.022388 0.025137
0 0.402052 0.408197 0.022388 0.025137
0 0.421642 0.396721 0.022388 0.019672
0 0.439366 0.389071 0.018657 0.024044
0 0.464086 0.374863 0.021455 0.021858
0 0.514925 0.347541 0.020522 0.02623
0 0.533116 0.38306 0.025187 0.020765
0 0.584888 0.303279 0.033582 0.03388
