0 0.19205 0.214754 0.064176 0.07541
0 0.087165 0.171038 0.022989 0.020765
0 0.280651 0.21694 0.02682 0.031694
0 0.315134 0.227322 0.02682 0.028415
0 0.350575 0.229508 0.019157 0.019672
0 0.388889 0.236612 0.021073 0.020765
0 0.418103 0.238251 0.020115 0.017486
0 0.447797 0.245902 0.020115 0.021858
0 0.477011 0.248634 0.02682 0.022951
0 0.507184 0.251913 0.020115 0.020765
0 0.389847 0.457923 0.032567 0.032787
0 0.439655 0.486339 0.055556 0.050273
0 0.454502 0.551366 0.031609 0.031694
0 0.431034 0.634426 0.022989 0.027322
0 0.427682 0.740984 0.037356 0.045902
0 0.463123 0.857377 0.035441 0.044809
0 0.366858 0.870492 0.017241 0.027322
0 0.382663 0.871585 0.020115 0.027322
0 0.403257 0.878142 0.017241 0.027322
0 0.422414 0.878689 0.019157 0.02623
