0 0.083812 0.007104 0.018199 0.012022
0 0.097701 0.014208 0.015326 0.015301
0 0.116858 0.020765 0.017241 0.013115
0 0.1341 0.026776 0.017241 0.018579
0 0.148467 0.037158 0.01341 0.013115
0 0.164272 0.043169 0.018199 0.016393
0 0.181034 0.053005 0.017241 0.018579
0 0.217912 0.065027 0.016284 0.014208
0 0.342912 0.087432 0.045977 0.034973
0 0.3841 0.086885 0.045977 0.040437
0 0.101054 0.07377 0.016284 0.016393
0 0.130747 0.09235 0.023946 0.025137
0 0.153736 0.117486 0.035441 0.027322
0 0.185824 0.130055 0.034483 0.028415
0 0.22749 0.144809 0.039272 0.038251
0 0.318008 0.174317 0.044061 0.044809
0 0.438218 0.139344 0.052682 0.036066
0 0.42864 0.202732 0.045019 0.04918
0 0.556513 0.220765 0.045977 0.052459
0 0.733716 0.214208 0.044061 0.034973
0 0.64751 0.336066 0.088123 0.084153
0 0.668582 0.496721 0.072797 0.064481
0 0.643678 0.708743 0.114943 0.127869
0 0.661877 0.815301 0.072797 0.069945
0 0.659962 0.913661 0.078544 0.08306
