0 0.832854 0.096175 0.10249 0.056831
0 0.2409 0.315847 0.046935 0.050273
0 0.282088 0.308743 0.043103 0.04918
0 0.316571 0.299454 0.037356 0.050273
0 0.23228 0.437158 0.056513 0.056831
0 0.235153 0.486339 0.052682 0.048087
0 0.175766 0.592896 0.048851 0.046995
0 0.181992 0.627322 0.055556 0.037158
0 0.22318 0.653005 0.045977 0.04918
0 0.279215 0.682514 0.054598 0.04918
0 0.260057 0.738251 0.048851 0.04918
0 0.244253 0.781967 0.045977 0.055738
0 0.249521 0.87377 0.052682 0.07541
0 0.359195 0.581421 0.057471 0.074317
0 0.369732 0.536066 0.051724 0.055738
0 0.402778 0.537158 0.048851 0.057923
0 0.438697 0.53388 0.051724 0.071038
0 0.456418 0.504918 0.050766 0.052459
0 0.350096 0.669945 0.064176 0.056831
0 0.373563 0.700546 0.063218 0.078689
0 0.376437 0.765027 0.057471 0.06776
0 0.451149 0.657377 0.057471 0.07541
0 0.498084 0.651913 0.047893 0.064481
