0 0.95067 0.010929 0.037356 0.021858
0 0.987069 0.028962 0.023946 0.031694
0 0.954981 0.316393 0.051724 0.036066
0 0.897989 0.785246 0.062261 0.062295
0 0.781609 0.559016 0.051724 0.044809
0 0.693966 0.568852 0.045019 0.04918
0 0.628831 0.533333 0.048851 0.050273
0 0.590038 0.506557 0.038314 0.042623
0 0.554119 0.465574 0.052682 0.063388
0 0.512931 0.446995 0.027778 0.04153
0 0.47749 0.421311 0.027778 0.040437
0 0.496169 0.47377 0.030651 0.031694
0 0.460728 0.522951 0.042146 0.04918
0 0.439176 0.605464 0.041188 0.050273
0 0.404693 0.674863 0.066092 0.064481
0 0.378831 0.754098 0.045019 0.056831
0 0.313697 0.808743 0.060345 0.065574
0 0.249521 0.910929 0.048851 0.066667
0 0.07567 0.84918 0.057471 0.065574
0 0.202107 0.975956 0.051724 0.045902
