0 0.695881 0.087978 0.037356 0.036066
0 0.905172 0.009836 0.030651 0.019672
0 0.890805 0.032787 0.049808 0.037158
0 0.87931 0.065574 0.028736 0.028415
0 0.841954 0.084153 0.044061 0.032787
0 0.813697 0.126776 0.033525 0.028415
0 0.791667 0.153005 0.037356 0.030601
0 0.75 0.165574 0.034483 0.029508
0 0.704023 0.189617 0.051724 0.042623
0 0.693487 0.364481 0.06705 0.046995
0 0.568966 0.537705 0.061303 0.059016
0 0.460249 0.653005 0.054598 0.068852
0 0.391284 0.721858 0.07567 0.084153
0 0.29023 0.742077 0.065134 0.074317
0 0.253352 0.798907 0.064176 0.065574
0 0.351054 0.805464 0.048851 0.054645
