0 0.2409 0.76776 0.056513 0.062295
0 0.354885 0.633333 0.054598 0.055738
0 0.576628 0.634973 0.057471 0.059016
0 0.663314 0.486885 0.046935 0.04918
0 0.713602 0.460656 0.02682 0.022951
0 0.690613 0.387432 0.02682 0.029508
0 0.732759 0.381967 0.022989 0.022951
0 0.749521 0.395628 0.022031 0.02623
0 0.742337 0.333333 0.024904 0.019672
0 0.772989 0.355191 0.022989 0.021858
0 0.784004 0.291803 0.022031 0.019672
0 0.467912 0.257923 0.035441 0.039344
0 0.496169 0.357377 0.045977 0.039344
0 0.469828 0.379781 0.037356 0.03388
0 0.445402 0.40929 0.034483 0.027322
0 0.432471 0.425137 0.031609 0.032787
0 0.468391 0.437158 0.045977 0.04153
0 0.489464 0.42623 0.047893 0.039344
0 0.423851 0.361749 0.025862 0.024044
0 0.399425 0.366667 0.034483 0.040437
0 0.368774 0.378689 0.036398 0.036066
0 0.297893 0.50765 0.045977 0.051366
0 0.266762 0.521858 0.033525 0.036066
0 0.072318 0.850273 0.025862 0.028415
0 0.095785 0.877596 0.021073 0.02623
