0 0.241379 0.040984 0.015326 0.018579
0 0.238985 0.054645 0.018199 0.019672
0 0.122126 0.102186 0.020115 0.018579
0 0.137931 0.098907 0.017241 0.012022
0 0.159962 0.100546 0.015326 0.010929
0 0.271552 0.191803 0.025862 0.020765
0 0.258621 0.213661 0.017241 0.014208
0 0.257663 0.225683 0.017241 0.014208
0 0.2591 0.240984 0.020115 0.014208
0 0.284962 0.203279 0.025862 0.017486
0 0.297414 0.172678 0.020115 0.013115
0 0.302682 0.185792 0.022989 0.015301
0 0.308429 0.200546 0.021073 0.020765
0 0.329981 0.182514 0.022031 0.017486
0 0.329981 0.197268 0.022031 0.018579
0 0.32136 0.17541 0.043103 0.029508
0 0.123084 0.37377 0.048851 0.04153
0 0.153257 0.352459 0.045977 0.036066
0 0.170977 0.36612 0.045019 0.037158
0 0.342433 0.315847 0.029693 0.030601
0 0.350096 0.384153 0.029693 0.022951
0 0.363027 0.438251 0.028736 0.028415
0 0.362548 0.484153 0.035441 0.030601
0 0.331897 0.496721 0.031609 0.022951
0 0.166667 0.544809 0.028736 0.029508
0 0.376916 0.577049 0.033525 0.028415
0 0.41954 0.063388 0.02682 0.032787
0 0.395594 0.106557 0.02682 0.029508
0 0.423851 0.096721 0.022031 0.022951
0 0.604885 0.205464 0.033525 0.039344
0 0.620211 0.178689 0.029693 0.03388
0 0.646073 0.179235 0.027778 0.039344
0 0.691571 0.204918 0.036398 0.044809
0 0.631705 0.328962 0.041188 0.034973
0 0.61159 0.32459 0.012452 0.015301
0 0.771073 0.248087 0.038314 0.045902
0 0.750479 0.279235 0.060345 0.04918
0 0.769636 0.319126 0.048851 0.043716
0 0.803161 0.294536 0.045019 0.042623
0 0.819923 0.148087 0.015326 0.012022
0 0.720785 0.469399 0.033525 0.027322
0 0.674808 0.484699 0.029693 0.029508
0 0.500479 0.591257 0.037356 0.030601
0 0.511015 0.621311 0.041188 0.03388
0 0.577586 0.582514 0.038314 0.043716
0 0.40613 0.780874 0.057471 0.088525
0 0.407567 0.829508 0.056513 0.085246
0 0.423372 0.863388 0.032567 0.04153
0 0.433429 0.915847 0.027778 0.043716
0 0.887452 0.510383 0.045019 0.048087
0 0.921935 0.47541 0.048851 0.048087
0 0.809387 0.579235 0.019157 0.02623
0 0.848659 0.591803 0.028736 0.029508
0 0.823755 0.604918 0.02682 0.029508
0 0.846264 0.622951 0.027778 0.030601
0 0.728927 0.72623 0.021073 0.029508
0 0.623084 0.780874 0.023946 0.029508
0 0.630268 0.801639 0.022989 0.029508
0 0.644636 0.811475 0.019157 0.027322
0 0.63841 0.768852 0.022031 0.025137
0 0.659004 0.789617 0.061303 0.084153
