0 0.370802 0.007104 0.012127 0.012022
0 0.374067 0.015301 0.016791 0.013115
0 0.379664 0.02459 0.014925 0.014208
0 0.395989 0.065574 0.015858 0.017486
0 0.402519 0.084153 0.015858 0.015301
0 0.406716 0.095628 0.018657 0.016393
0 0.415578 0.142077 0.015858 0.015301
0 0.437966 0.195082 0.021455 0.022951
0 0.464086 0.182514 0.01959 0.015301
0 0.445896 0.214754 0.020522 0.018579
0 0.45709 0.245902 0.020522 0.021858
0 0.464552 0.265027 0.016791 0.016393
0 0.472015 0.282514 0.014925 0.020765
0 0.479944 0.297814 0.023321 0.025137
0 0.428638 0.300546 0.027052 0.024044
0 0.437034 0.014208 0.017724 0.015301
0 0.443097 0.02459 0.014925 0.016393
0 0.45056 0.036066 0.022388 0.017486
0 0.471549 0.02459 0.01959 0.014208
0 0.572295 0.037705 0.017724 0.016393
0 0.529384 0.07541 0.017724 0.015301
0 0.546175 0.068852 0.01959 0.013115
0 0.560168 0.060656 0.021455 0.014208
0 0.576026 0.054098 0.013993 0.014208
0 0.627799 0.179235 0.018657 0.017486
0 0.634328 0.196175 0.018657 0.020765
0 0.621735 0.32459 0.04944 0.056831
0 0.530317 0.321858 0.025187 0.020765
0 0.540112 0.374863 0.033582 0.024044
0 0.517724 0.39071 0.020522 0.025137
0 0.554571 0.385792 0.028918 0.028415
0 0.580224 0.387978 0.024254 0.019672
0 0.640858 0.412022 0.024254 0.021858
0 0.530784 0.422404 0.044776 0.038251
0 0.532183 0.451366 0.025187 0.024044
0 0.54431 0.468306 0.023321 0.022951
0 0.55084 0.480874 0.027052 0.024044
0 0.586287 0.462295 0.021455 0.02623
0 0.56903 0.453552 0.078358 0.059016
0 0.875933 0.728415 0.059701 0.066667
0 0.76819 0.810929 0.036381 0.045902
0 0.545709 0.010929 0.01306 0.013115
