0 0.73659 0.008743 0.01341 0.015301
0 0.755268 0.016393 0.033525 0.030601
0 0.603927 0.03224 0.033525 0.029508
0 0.724617 0.05847 0.033525 0.029508
0 0.704502 0.087978 0.033525 0.029508
0 0.662835 0.105464 0.032567 0.029508
0 0.62069 0.131148 0.047893 0.037158
0 0.618774 0.30929 0.063218 0.045902
0 0.506226 0.49071 0.066092 0.052459
0 0.405651 0.618033 0.054598 0.064481
0 0.342433 0.696175 0.07567 0.069945
0 0.241858 0.725683 0.066092 0.063388
0 0.209291 0.787432 0.058429 0.062295
0 0.306513 0.781967 0.051724 0.053552
