0 0.171147 0.084219 0.026882 0.050076
0 0.185932 0.139605 0.049283 0.072838
0 0.187276 0.205615 0.03405 0.062215
0 0.240143 0.509105 0.041219 0.074355
0 0.254928 0.545524 0.031362 0.059181
0 0.263441 0.735205 0.046595 0.07739
0 0.289875 0.722307 0.027778 0.057663
0 0.421595 0.832322 0.027778 0.068285
0 0.490591 0.825493 0.024194 0.054628
0 0.487007 0.764036 0.025986 0.059181
0 0.481183 0.700303 0.028674 0.062215
0 0.476703 0.65478 0.028674 0.062215
0 0.435932 0.467375 0.061828 0.100152
0 0.367832 0.383915 0.043907 0.081942
0 0.431452 0.358118 0.043907 0.075873
0 0.348566 0.139605 0.039427 0.069803
0 0.386649 0.120637 0.03853 0.047041
0 0.429211 0.11305 0.03405 0.050076
0 0.461918 0.103945 0.031362 0.050076
0 0.50672 0.085736 0.036738 0.050076
0 0.636649 0.205615 0.027778 0.053111
0 0.719534 0.183612 0.026882 0.054628
0 0.733871 0.231411 0.02509 0.050076
0 0.799283 0.163885 0.02509 0.069803
0 0.810932 0.215478 0.026882 0.054628
0 0.83871 0.367223 0.03405 0.060698
0 0.844086 0.427162 0.028674 0.047041
0 0.853047 0.47648 0.028674 0.060698
0 0.84095 0.655539 0.031362 0.057663
0 0.874552 0.669196 0.030466 0.045524
