0 0.366379 0.465574 0.062261 0.063388
0 0.702107 0.334973 0.042146 0.036066
0 0.761015 0.413115 0.039272 0.037158
0 0.439176 0.507104 0.062261 0.063388
0 0.429119 0.574317 0.049808 0.042623
0 0.585249 0.463388 0.051724 0.048087
0 0.573755 0.590164 0.05364 0.050273
0 0.58046 0.65082 0.051724 0.04918
0 0.737069 0.495082 0.054598 0.063388
0 0.733238 0.578689 0.071839 0.064481
0 0.739943 0.665574 0.077586 0.078689
0 0.884579 0.506557 0.058429 0.071038
0 0.90613 0.589071 0.06705 0.06776
0 0.892241 0.669399 0.069923 0.068852
0 0.809387 0.502732 0.063218 0.061202
