0 0.597701 0.099454 0.034483 0.037158
0 0.685824 0.07377 0.051724 0.042623
0 0.312261 0.194536 0.04023 0.037158
0 0.288793 0.220765 0.039272 0.037158
0 0.26772 0.248087 0.029693 0.024044
0 0.375958 0.234973 0.043103 0.032787
0 0.344828 0.302732 0.02682 0.028415
0 0.41092 0.339891 0.05364 0.048087
0 0.477011 0.389617 0.04023 0.03388
0 0.858716 0.268852 0.027778 0.021858
0 0.847222 0.278142 0.022031 0.020765
0 0.846264 0.292896 0.027778 0.021858
0 0.840038 0.308743 0.02682 0.027322
0 0.343391 0.5 0.029693 0.031694
0 0.293582 0.597814 0.035441 0.028415
0 0.214559 0.606557 0.02682 0.02623
0 0.16092 0.745355 0.02682 0.028415
0 0.170977 0.76612 0.029693 0.039344
0 0.176245 0.802732 0.034483 0.042623
0 0.126437 0.866667 0.028736 0.04153
0 0.088602 0.91694 0.037356 0.043716
0 0.046456 0.95847 0.041188 0.048087
0 0.684866 0.496175 0.028736 0.02623
0 0.670498 0.521858 0.042146 0.03388
0 0.648467 0.559563 0.032567 0.032787
0 0.773467 0.574863 0.041188 0.034973
0 0.748563 0.608743 0.037356 0.039344
0 0.727969 0.669945 0.045977 0.065574
0 0.691092 0.704372 0.041188 0.042623
0 0.679119 0.760109 0.038314 0.040437
0 0.638889 0.768852 0.04023 0.040437
0 0.624042 0.846448 0.039272 0.044809
0 0.605843 0.889617 0.031609 0.048087
0 0.578544 0.936066 0.042146 0.053552
0 0.558429 0.97377 0.032567 0.037158
0 0.482759 0.886885 0.049808 0.057923
0 0.423851 0.845355 0.037356 0.044809
0 0.402299 0.883607 0.030651 0.038251
0 0.392241 0.920765 0.037356 0.040437
0 0.363027 0.949727 0.047893 0.054645
0 0.413793 0.983607 0.044061 0.030601
