0 0.78113 0.131148 0.020115 0.021858
0 0.795498 0.15847 0.022031 0.019672
0 0.808429 0.187432 0.032567 0.027322
0 0.826149 0.222951 0.023946 0.021858
0 0.427682 0.181967 0.020115 0.016393
0 0.451628 0.180328 0.025862 0.019672
0 0.478448 0.174863 0.025862 0.017486
0 0.484195 0.220219 0.022031 0.018579
0 0.500479 0.22459 0.025862 0.016393
0 0.498563 0.234973 0.023946 0.015301
0 0.486111 0.239891 0.027778 0.020765
0 0.481322 0.261202 0.020115 0.019672
0 0.513889 0.298907 0.025862 0.022951
0 0.101054 0.303279 0.023946 0.027322
0 0.179598 0.312568 0.058429 0.050273
0 0.204502 0.357923 0.056513 0.051366
0 0.457854 0.49071 0.051724 0.048087
0 0.393678 0.72623 0.05364 0.060109
0 0.320402 0.784153 0.052682 0.053552
0 0.052682 0.732787 0.034483 0.036066
0 0.013889 0.831148 0.033525 0.036066
0 0.053161 0.853552 0.033525 0.050273
0 0.100575 0.864481 0.036398 0.043716
