0 0.05364 0.367213 0.05364 0.052459
0 0.051245 0.451913 0.023946 0.022951
0 0.311782 0.410383 0.020115 0.025137
0 0.333812 0.410929 0.025862 0.02623
0 0.357759 0.422951 0.025862 0.030601
0 0.342433 0.393989 0.025862 0.029508
0 0.366858 0.404372 0.02682 0.02623
0 0.27251 0.50929 0.029693 0.034973
0 0.33477 0.563388 0.054598 0.079781
0 0.234674 0.740437 0.038314 0.062295
0 0.427203 0.620219 0.065134 0.092896
0 0.467433 0.542623 0.04023 0.038251
0 0.610153 0.481421 0.059387 0.053552
0 0.596264 0.538798 0.058429 0.063388
0 0.75 0.473224 0.057471 0.048087
0 0.735153 0.519672 0.058429 0.055738
0 0.719828 0.571585 0.058429 0.072131
0 0.829023 0.644809 0.052682 0.052459
0 0.800287 0.724044 0.07567 0.099454
0 0.83477 0.814754 0.048851 0.064481
