0 0.047414 0.25847 0.023946 0.027322
0 0.06705 0.268852 0.02682 0.02623
0 0.22749 0.221311 0.039272 0.044809
0 0.268678 0.243169 0.037356 0.046995
0 0.31705 0.253552 0.038314 0.037158
0 0.359674 0.277596 0.041188 0.045902
0 0.457854 0.322404 0.044061 0.050273
0 0.505747 0.346995 0.04023 0.04918
0 0.416667 0.084699 0.028736 0.029508
0 0.41954 0.114754 0.030651 0.028415
0 0.446839 0.119126 0.035441 0.032787
0 0.449713 0.082514 0.023946 0.020765
0 0.485153 0.135519 0.037356 0.030601
0 0.521073 0.165574 0.034483 0.031694
0 0.558908 0.189617 0.041188 0.031694
0 0.837644 0.189617 0.07567 0.060109
0 0.724617 0.540437 0.052682 0.066667
0 0.779693 0.537705 0.061303 0.072131
0 0.882663 0.638251 0.071839 0.059016
0 0.893678 0.75847 0.059387 0.087432
0 0.72749 0.704372 0.056513 0.079781
0 0.589559 0.646448 0.046935 0.066667
0 0.532567 0.617486 0.049808 0.048087
0 0.482759 0.59235 0.049808 0.043716
0 0.439655 0.551366 0.038314 0.042623
0 0.398467 0.515847 0.021073 0.030601
0 0.294061 0.372131 0.017241 0.018579
0 0.338602 0.39071 0.018199 0.022951
0 0.358238 0.397814 0.024904 0.024044
0 0.382663 0.409836 0.023946 0.024044
0 0.407088 0.421858 0.02682 0.021858
0 0.427682 0.435519 0.025862 0.027322
0 0.45067 0.448087 0.022031 0.021858
0 0.474138 0.457923 0.02682 0.028415
0 0.497126 0.47541 0.02682 0.024044
0 0.547414 0.495082 0.029693 0.02623
