0 0.856322 0.029508 0.051724 0.039344
0 0.842912 0.063388 0.059387 0.04153
0 0.604406 0.05847 0.070881 0.060109
0 0.56705 0.133333 0.090038 0.065574
0 0.524904 0.213661 0.097701 0.081967
0 0.518199 0.260656 0.044061 0.042623
0 0.476533 0.301639 0.104406 0.085246
0 0.351533 0.522404 0.10728 0.102732
0 0.337165 0.58306 0.049808 0.053552
0 0.28592 0.638798 0.112069 0.119126
0 0.274904 0.70929 0.063218 0.063388
0 0.215996 0.769399 0.117816 0.131148
0 0.139368 0.811475 0.054598 0.07541
0 0.18295 0.845355 0.051724 0.064481
0 0.175766 0.897268 0.060345 0.072131
0 0.118774 0.9 0.101533 0.108197
0 0.073755 0.937705 0.068966 0.078689
0 0.127395 0.96612 0.076628 0.065574
0 0.599138 0.646448 0.106322 0.114754
