0 0.076165 0.89302 0.046595 0.07132
0 0.125 0.724583 0.036738 0.047041
0 0.394265 0.730653 0.098566 0.132018
0 0.390681 0.563733 0.09319 0.135053
0 0.383065 0.402124 0.094086 0.136571
0 0.37948 0.234446 0.095878 0.132018
0 0.660394 0.688923 0.060932 0.124431
0 0.667115 0.827011 0.047491 0.088012
0 0.753136 0.822458 0.049283 0.075873
0 0.74552 0.688164 0.044803 0.07132
0 0.721326 0.287557 0.041219 0.074355
0 0.669355 0.085736 0.028674 0.047041
0 0.668459 0.021244 0.032258 0.039454
0 0.711022 0.063733 0.040323 0.060698
0 0.75 0.066009 0.032258 0.047041
0 0.74776 0.021244 0.034946 0.036419
