0 0.179119 0.085792 0.070881 0.04918
0 0.197797 0.128415 0.064176 0.044809
0 0.211686 0.177596 0.047893 0.036066
0 0.242816 0.218033 0.071839 0.04918
0 0.266284 0.270492 0.06705 0.051366
0 0.318487 0.011475 0.033525 0.020765
0 0.322797 0.055191 0.036398 0.022951
0 0.335728 0.078689 0.039272 0.028415
0 0.372126 0.113115 0.064176 0.046995
0 0.657088 0.280328 0.015326 0.018579
0 0.479885 0.362842 0.028736 0.028415
0 0.49569 0.386339 0.029693 0.025137
0 0.513889 0.404918 0.020115 0.022951
0 0.527299 0.43224 0.023946 0.027322
0 0.40182 0.450273 0.027778 0.028415
0 0.426245 0.486339 0.038314 0.037158
0 0.4909 0.60765 0.039272 0.039344
0 0.52251 0.646995 0.054598 0.048087
0 0.56705 0.754645 0.051724 0.055738
0 0.602011 0.809836 0.058429 0.061202
0 0.746169 0.322951 0.024904 0.025137
0 0.771552 0.352459 0.045019 0.038251
0 0.810345 0.401639 0.042146 0.042623
0 0.715517 0.460656 0.028736 0.022951
0 0.747605 0.500546 0.046935 0.043716
0 0.776341 0.546448 0.031609 0.030601
0 0.818008 0.583607 0.05364 0.050273
0 0.617337 0.57377 0.018199 0.021858
0 0.637931 0.605464 0.022989 0.02623
0 0.672414 0.673224 0.02682 0.030601
0 0.692529 0.704918 0.030651 0.030601
0 0.720307 0.734426 0.024904 0.030601
