0 0.564176 0.162842 0.034483 0.037158
0 0.622605 0.136066 0.034483 0.031694
0 0.43295 0.228415 0.061303 0.052459
0 0.465517 0.260109 0.042146 0.037158
0 0.453065 0.297814 0.061303 0.055738
0 0.453544 0.359563 0.035441 0.037158
0 0.558908 0.669399 0.037356 0.042623
0 0.572797 0.70765 0.030651 0.038251
0 0.59387 0.738251 0.059387 0.071038
0 0.605843 0.653005 0.048851 0.053552
0 0.64751 0.259563 0.032567 0.029508
0 0.642241 0.281421 0.031609 0.036066
0 0.663314 0.280328 0.025862 0.029508
0 0.672893 0.294536 0.029693 0.027322
0 0.625479 0.300546 0.030651 0.030601
0 0.658046 0.308743 0.028736 0.027322
0 0.681513 0.322951 0.029693 0.029508
0 0.690613 0.349727 0.034483 0.030601
0 0.701149 0.378689 0.034483 0.03388
0 0.635057 0.329508 0.030651 0.03388
0 0.64751 0.360656 0.030651 0.037158
0 0.654693 0.393443 0.029693 0.04153
0 0.689655 0.465027 0.022989 0.03388
0 0.698276 0.495628 0.028736 0.038251
0 0.741858 0.453552 0.018199 0.028415
0 0.768678 0.404918 0.035441 0.042623
0 0.763889 0.429508 0.033525 0.032787
0 0.757184 0.469399 0.023946 0.027322
0 0.761015 0.499454 0.022031 0.034973
0 0.774425 0.45847 0.031609 0.027322
0 0.774904 0.481421 0.028736 0.025137
0 0.779693 0.495628 0.028736 0.025137
0 0.780172 0.51694 0.020115 0.02623
0 0.802203 0.530601 0.029693 0.031694
0 0.813697 0.564481 0.031609 0.036066
0 0.807471 0.595082 0.032567 0.038251
0 0.829981 0.602186 0.033525 0.037158
0 0.809866 0.628415 0.033525 0.034973
0 0.7591 0.633333 0.035441 0.044809
0 0.780172 0.656831 0.031609 0.043716
