0 0.809387 0.039891 0.084291 0.066667
0 0.894636 0.073224 0.088123 0.06776
0 0.958812 0.083607 0.045977 0.062295
0 0.613506 0.166667 0.052682 0.055738
0 0.677682 0.193443 0.073755 0.069945
0 0.787835 0.218579 0.071839 0.078689
0 0.856322 0.244809 0.072797 0.069945
0 0.54933 0.15082 0.041188 0.030601
0 0.525383 0.169945 0.029693 0.025137
0 0.548851 0.17541 0.030651 0.031694
0 0.328065 0.094536 0.023946 0.020765
0 0.342912 0.088525 0.022989 0.024044
0 0.226533 0.055738 0.025862 0.019672
0 0.243774 0.062842 0.022031 0.022951
0 0.260536 0.068852 0.024904 0.024044
0 0.167146 0.12459 0.037356 0.034973
0 0.192529 0.12623 0.015326 0.016393
0 0.210249 0.160109 0.023946 0.022951
0 0.090517 0.096175 0.022031 0.017486
0 0.023467 0.26776 0.045019 0.050273
0 0.057471 0.263934 0.059387 0.060109
0 0.121169 0.254645 0.035441 0.02623
0 0.131705 0.279781 0.035441 0.02623
0 0.130268 0.298361 0.032567 0.021858
0 0.148946 0.739891 0.066092 0.085246
0 0.590996 0.728962 0.099617 0.135519
0 0.852011 0.711475 0.108238 0.135519
0 0.615421 0.40929 0.073755 0.073224
0 0.670977 0.399454 0.073755 0.077596
0 0.689176 0.342077 0.050766 0.054645
0 0.720307 0.443169 0.074713 0.084153
0 0.668582 0.457923 0.072797 0.074317
0 0.395594 0.113115 0.021073 0.016393
0 0.396073 0.122404 0.020115 0.015301
0 0.390326 0.136066 0.022031 0.020765
0 0.379789 0.148087 0.014368 0.018579
0 0.363985 0.173224 0.021073 0.018579
0 0.350575 0.178689 0.022989 0.016393
0 0.483238 0.127322 0.023946 0.018579
0 0.483238 0.136612 0.023946 0.015301
0 0.481322 0.147541 0.022031 0.017486
0 0.46887 0.168852 0.029693 0.029508
0 0.18295 0.154645 0.022989 0.03388
0 0.806513 0.355738 0.028736 0.020765
0 0.83477 0.361749 0.031609 0.021858
