0 0.241039 0.85129 0.084229 0.081942
0 0.229839 0.903642 0.061828 0.080425
0 0.306452 0.843703 0.082437 0.163885
0 0.372312 0.817906 0.054659 0.091047
0 0.442652 0.842944 0.0681 0.125948
0 0.424283 0.920334 0.054659 0.092564
0 0.478943 0.889985 0.06362 0.138088
0 0.28405 0.594082 0.050179 0.08953
0 0.25448 0.478756 0.075269 0.092564
0 0.271057 0.423369 0.079749 0.091047
0 0.260753 0.361153 0.071685 0.094082
0 0.273297 0.304249 0.084229 0.08953
0 0.262545 0.247344 0.069892 0.094082
0 0.271953 0.187405 0.079749 0.08346
0 0.258065 0.130501 0.069892 0.081942
0 0.308692 0.152504 0.051075 0.095599
0 0.346326 0.131259 0.043907 0.092564
0 0.380376 0.157056 0.051075 0.107739
0 0.412186 0.176024 0.048387 0.084977
0 0.437724 0.143399 0.045699 0.092564
0 0.484319 0.140364 0.047491 0.08953
0 0.387097 0.465099 0.055556 0.125948
0 0.439068 0.471168 0.048387 0.095599
0 0.491935 0.405918 0.05914 0.104704
0 0.502688 0.519727 0.051971 0.104704
0 0.557348 0.58346 0.075269 0.107739
0 0.573029 0.663885 0.043907 0.086495
0 0.5681 0.397572 0.05914 0.078907
0 0.551523 0.329287 0.060036 0.072838
0 0.568548 0.289833 0.06362 0.075873
0 0.667563 0.638847 0.023297 0.045524
0 0.717742 0.657056 0.021505 0.042489
0 0.707885 0.60091 0.016129 0.027314
0 0.708333 0.561457 0.017025 0.039454
0 0.849462 0.813354 0.023297 0.033384
0 0.839158 0.837633 0.018817 0.033384
0 0.859767 0.836115 0.025986 0.036419
0 0.728047 0.863429 0.022401 0.030349
0 0.900986 0.836115 0.024194 0.036419
0 0.922043 0.835357 0.026882 0.034901
0 0.931004 0.812595 0.023297 0.037936
