0 0.164751 0.036612 0.030651 0.029508
0 0.04933 0.095628 0.031609 0.029508
0 0.078544 0.117486 0.038314 0.027322
0 0.15182 0.155738 0.035441 0.029508
0 0.049808 0.191803 0.055556 0.036066
0 0.100096 0.266667 0.045019 0.030601
0 0.194923 0.222404 0.041188 0.03388
0 0.277778 0.211475 0.034483 0.029508
0 0.29023 0.291803 0.034483 0.032787
0 0.237548 0.303279 0.04023 0.036066
0 0.740421 0.092896 0.034483 0.024044
0 0.220307 0.521311 0.042146 0.043716
0 0.266762 0.502186 0.048851 0.040437
0 0.215996 0.723497 0.052682 0.04153
0 0.267241 0.700546 0.049808 0.04153
