0 0.191571 0.117486 0.057471 0.051366
0 0.268199 0.163388 0.055556 0.060109
0 0.318966 0.36612 0.057471 0.078689
0 0.368295 0.387978 0.054598 0.054645
0 0.451149 0.322404 0.057471 0.054645
0 0.496648 0.334426 0.052682 0.045902
0 0.513889 0.430601 0.027778 0.030601
0 0.57567 0.360656 0.059387 0.072131
0 0.613027 0.313115 0.059387 0.068852
0 0.658525 0.516393 0.066092 0.088525
0 0.724617 0.560656 0.077586 0.091803
0 0.69205 0.610929 0.056513 0.069945
0 0.625479 0.572678 0.057471 0.065574
0 0.619732 0.64918 0.057471 0.072131
0 0.555556 0.681967 0.09387 0.085246
0 0.899425 0.647541 0.068966 0.068852
0 0.637931 0.264481 0.051724 0.052459
0 0.710728 0.295628 0.055556 0.04918
