0 0.126916 0.242077 0.041188 0.031694
0 0.160441 0.326776 0.037356 0.039344
0 0.288793 0.317486 0.052682 0.051366
0 0.333333 0.175956 0.047893 0.030601
0 0.337165 0.210383 0.042146 0.031694
0 0.581897 0.254098 0.050766 0.055738
0 0.444444 0.367213 0.070881 0.054645
0 0.54454 0.417486 0.054598 0.054645
0 0.403736 0.450273 0.048851 0.063388
0 0.281609 0.485246 0.047893 0.052459
0 0.219828 0.501093 0.046935 0.053552
0 0.153736 0.514754 0.048851 0.056831
0 0.181992 0.855738 0.059387 0.080874
0 0.408046 0.787978 0.061303 0.078689
0 0.700192 0.71694 0.059387 0.074317
