0 0.120211 0.236612 0.041188 0.04918
0 0.161877 0.253005 0.038314 0.042623
0 0.208812 0.254645 0.044061 0.048087
0 0.262452 0.259563 0.044061 0.04918
0 0.390805 0.313115 0.042146 0.044809
0 0.383142 0.37377 0.072797 0.061202
0 0.330939 0.645902 0.056513 0.054645
0 0.338602 0.727322 0.050766 0.064481
0 0.331897 0.801093 0.054598 0.065574
0 0.308908 0.90765 0.071839 0.071038
0 0.674808 0.297268 0.069923 0.063388
0 0.675287 0.389071 0.097701 0.091803
0 0.675287 0.481421 0.101533 0.092896
0 0.680556 0.585246 0.096743 0.099454
0 0.68295 0.825137 0.114943 0.131148
0 0.685824 0.948634 0.10728 0.098361
0 0.894157 0.684153 0.083333 0.087432
0 0.887452 0.54918 0.106322 0.097268
0 0.865421 0.404918 0.098659 0.092896
0 0.862548 0.280328 0.087165 0.081967
0 0.886973 0.173224 0.044061 0.044809
