0 0.036877 0.012568 0.027778 0.016393
0 0.018678 0.030055 0.023946 0.020765
0 0.048372 0.057377 0.023946 0.020765
0 0.025383 0.07541 0.022031 0.017486
0 0.008142 0.093989 0.016284 0.019672
0 0.073755 0.127869 0.024904 0.019672
0 0.121169 0.189071 0.029693 0.030601
0 0.161398 0.145355 0.025862 0.021858
0 0.186303 0.122951 0.025862 0.022951
0 0.208333 0.238798 0.027778 0.027322
0 0.228448 0.217486 0.027778 0.028415
0 0.25 0.193989 0.022989 0.022951
0 0.268199 0.169945 0.024904 0.025137
0 0.274904 0.234973 0.028736 0.034973
0 0.252874 0.263934 0.028736 0.027322
0 0.380747 0.265027 0.033525 0.031694
0 0.408046 0.230601 0.032567 0.028415
0 0.469828 0.350273 0.045019 0.044809
0 0.50431 0.301639 0.045019 0.04153
0 0.289272 0.433333 0.02682 0.031694
0 0.345785 0.461202 0.032567 0.030601
0 0.564176 0.738251 0.05364 0.066667
0 0.546456 0.630055 0.025862 0.020765
0 0.556992 0.625683 0.045019 0.038251
