0 0.063218 0.035519 0.070881 0.066667
0 0.03592 0.123497 0.068008 0.072131
0 0.021073 0.223497 0.044061 0.071038
0 0.110153 0.23224 0.072797 0.086339
0 0.022989 0.631148 0.042146 0.081967
0 0.103927 0.748634 0.083333 0.089617
0 0.122605 0.633333 0.09387 0.099454
0 0.145594 0.527869 0.088123 0.091803
0 0.164751 0.428962 0.099617 0.095082
0 0.191571 0.331694 0.088123 0.088525
0 0.21408 0.220219 0.08908 0.07541
0 0.238506 0.117486 0.078544 0.071038
0 0.414751 0.037158 0.084291 0.065574
0 0.403257 0.117486 0.086207 0.071038
0 0.390805 0.217486 0.090038 0.076503
0 0.375479 0.317486 0.070881 0.071038
0 0.3659 0.432787 0.095785 0.091803
0 0.358716 0.543169 0.094828 0.098361
0 0.340996 0.652459 0.095785 0.107104
0 0.325192 0.768852 0.087165 0.095082
0 0.620211 0.628415 0.100575 0.102732
0 0.609195 0.164481 0.090038 0.073224
0 0.613506 0.24153 0.085249 0.076503
0 0.777299 0.150273 0.094828 0.092896
0 0.790709 0.246995 0.094828 0.100546
0 0.826628 0.680328 0.088123 0.108197
0 0.722222 0.836612 0.109195 0.149727
0 0.840517 0.844809 0.112069 0.144262
