0 0.25431 0.882514 0.037356 0.042623
0 0.28113 0.917486 0.033525 0.046995
0 0.299808 0.951913 0.038314 0.048087
0 0.404215 0.626776 0.051724 0.055738
0 0.568008 0.44918 0.04023 0.032787
0 0.586207 0.389617 0.091954 0.084153
0 0.738985 0.376503 0.043103 0.038251
0 0.741379 0.342623 0.034483 0.036066
0 0.669061 0.330601 0.039272 0.027322
0 0.686782 0.302732 0.034483 0.034973
0 0.648946 0.281967 0.039272 0.032787
0 0.667625 0.26612 0.032567 0.022951
0 0.673372 0.246448 0.030651 0.022951
0 0.683429 0.224044 0.035441 0.028415
0 0.733716 0.243716 0.036398 0.030601
0 0.796935 0.288525 0.024904 0.032787
0 0.808908 0.26776 0.031609 0.032787
0 0.825192 0.246448 0.031609 0.029508
0 0.837165 0.221311 0.032567 0.029508
0 0.84387 0.180874 0.034483 0.029508
0 0.868774 0.172131 0.030651 0.022951
0 0.874521 0.143169 0.032567 0.02623
0 0.903257 0.120765 0.038314 0.040437
0 0.915709 0.089071 0.034483 0.029508
0 0.931992 0.069945 0.038314 0.028415
0 0.836207 0.061749 0.034483 0.025137
0 0.847222 0.040437 0.035441 0.028415
0 0.860153 0.022404 0.032567 0.025137
0 0.597222 0.024044 0.027778 0.024044
0 0.562739 0.084153 0.033525 0.02623
0 0.477969 0.166667 0.02682 0.027322
0 0.488985 0.180328 0.025862 0.02623
0 0.496169 0.204372 0.028736 0.030601
0 0.465038 0.238798 0.023946 0.027322
0 0.44205 0.26776 0.027778 0.02623
0 0.416188 0.287432 0.029693 0.02623
0 0.397031 0.309836 0.031609 0.029508
0 0.322797 0.344809 0.030651 0.029508
