0 0.148946 0.189071 0.066092 0.045902
0 0.157088 0.242623 0.070881 0.059016
0 0.292625 0.208743 0.068008 0.054645
0 0.367337 0.166667 0.056513 0.040437
0 0.407088 0.210929 0.042146 0.030601
0 0.27682 0.286885 0.063218 0.04918
0 0.274904 0.455738 0.06705 0.06776
0 0.324713 0.456831 0.04023 0.050273
0 0.366379 0.46612 0.041188 0.040437
0 0.405172 0.480328 0.038314 0.040437
0 0.280651 0.533333 0.074713 0.069945
0 0.295019 0.596721 0.065134 0.06776
0 0.349617 0.727322 0.044061 0.044809
0 0.562739 0.491803 0.058429 0.063388
0 0.820881 0.288525 0.047893 0.048087
0 0.385536 0.885792 0.054598 0.062295
0 0.377874 0.972131 0.056513 0.053552
0 0.654215 0.952459 0.051724 0.068852
