0 0.012931 0.831694 0.027778 0.032787
0 0.054119 0.853005 0.035441 0.053552
0 0.101054 0.867213 0.037356 0.044809
0 0.054598 0.734973 0.034483 0.036066
0 0.319923 0.782514 0.05364 0.054645
0 0.396552 0.72623 0.05364 0.060109
0 0.458812 0.489071 0.055556 0.046995
0 0.102011 0.302186 0.023946 0.029508
0 0.181513 0.309836 0.058429 0.051366
0 0.206418 0.357377 0.056513 0.048087
0 0.51341 0.297814 0.024904 0.027322
0 0.480843 0.261202 0.021073 0.024044
0 0.483716 0.238251 0.022989 0.017486
0 0.499521 0.235519 0.018199 0.014208
0 0.484195 0.221311 0.022031 0.027322
0 0.500479 0.221311 0.023946 0.018579
0 0.426245 0.181967 0.024904 0.018579
0 0.452586 0.179781 0.025862 0.027322
0 0.478448 0.174317 0.025862 0.022951
0 0.82567 0.221858 0.028736 0.030601
0 0.808908 0.188525 0.033525 0.029508
0 0.795019 0.157923 0.02682 0.025137
0 0.782567 0.13224 0.022989 0.024044
