0 0.100096 0.010929 0.035441 0.021858
0 0.23228 0.104372 0.090996 0.064481
0 0.234674 0.186885 0.063218 0.072131
0 0.329502 0.163388 0.086207 0.079781
0 0.386494 0.451913 0.077586 0.066667
0 0.451628 0.493989 0.071839 0.065574
0 0.493295 0.571585 0.109195 0.100546
0 0.48228 0.451913 0.035441 0.044809
0 0.516284 0.494536 0.034483 0.040437
0 0.532088 0.513661 0.031609 0.032787
0 0.548851 0.538798 0.034483 0.04153
0 0.570402 0.565574 0.037356 0.036066
0 0.597222 0.606011 0.041188 0.044809
0 0.576149 0.494536 0.037356 0.03388
0 0.613985 0.851366 0.057471 0.072131
0 0.643678 0.751913 0.074713 0.100546
0 0.713123 0.818579 0.054598 0.052459
0 0.698755 0.737705 0.048851 0.045902
0 0.669061 0.695628 0.045019 0.036066
0 0.69205 0.666667 0.041188 0.043716
0 0.797893 0.895628 0.045977 0.042623
0 0.965517 0.980874 0.045977 0.036066
