0 0.032567 0.102732 0.061303 0.063388
0 0.203544 0.026776 0.073755 0.055738
0 0.186782 0.102186 0.074713 0.068852
0 0.161398 0.196721 0.083333 0.078689
0 0.136494 0.295628 0.071839 0.062295
0 0.114464 0.408743 0.087165 0.091803
0 0.095307 0.511475 0.08908 0.091803
0 0.069923 0.615847 0.088123 0.097268
0 0.04023 0.730601 0.074713 0.086339
0 0.336207 0.589617 0.097701 0.103825
0 0.369732 0.220219 0.08046 0.07541
0 0.378352 0.145355 0.086207 0.06776
0 0.538314 0.131694 0.084291 0.081967
0 0.538314 0.225683 0.088123 0.092896
0 0.403257 0.786339 0.095785 0.13224
0 0.519636 0.793443 0.104406 0.137705
0 0.524904 0.637158 0.086207 0.102732
0 0.947797 0.504918 0.092912 0.091803
0 0.882184 0.413115 0.074713 0.065574
0 0.85728 0.110929 0.072797 0.051366
0 0.842433 0.029508 0.077586 0.052459
