0 0.569444 0.222404 0.033525 0.038251
0 0.653257 0.274317 0.065134 0.050273
0 0.640805 0.33224 0.057471 0.056831
0 0.615421 0.38306 0.033525 0.038251
0 0.585728 0.428415 0.031609 0.04153
0 0.602011 0.446448 0.031609 0.040437
0 0.579023 0.499454 0.035441 0.030601
0 0.583812 0.551366 0.066092 0.057923
0 0.567529 0.586339 0.046935 0.057923
0 0.546456 0.646448 0.050766 0.064481
0 0.539272 0.701093 0.047893 0.051366
0 0.533525 0.750273 0.04023 0.046995
0 0.519636 0.824044 0.041188 0.052459
0 0.457375 0.56612 0.033525 0.043716
0 0.444923 0.607104 0.033525 0.044809
0 0.434387 0.655191 0.041188 0.051366
0 0.41954 0.702732 0.038314 0.048087
