0 0.702586 0.179781 0.031609 0.029508
0 0.712165 0.268852 0.045019 0.04153
0 0.808908 0.247541 0.048851 0.051366
0 0.707375 0.482514 0.048851 0.053552
0 0.760057 0.584699 0.054598 0.059016
0 0.465996 0.046995 0.052682 0.043716
0 0.460728 0.091803 0.063218 0.043716
0 0.450192 0.134973 0.055556 0.044809
0 0.443487 0.238251 0.055556 0.054645
0 0.443966 0.289617 0.062261 0.054645
0 0.426724 0.363388 0.054598 0.060109
0 0.418582 0.553005 0.061303 0.063388
0 0.397031 0.653552 0.060345 0.06776
0 0.3841 0.801093 0.082375 0.074317
0 0.161398 0.536612 0.066092 0.063388
0 0.185345 0.40765 0.052682 0.059016
0 0.191571 0.351366 0.05364 0.053552
