0 0.535914 0.495082 0.025187 0.037158
0 0.567631 0.512568 0.04944 0.045902
0 0.594683 0.57541 0.038246 0.029508
0 0.626866 0.56776 0.029851 0.036066
0 0.709422 0.633333 0.058769 0.044809
0 0.743937 0.653552 0.036381 0.034973
0 0.77472 0.636066 0.032649 0.032787
0 0.800373 0.63224 0.04291 0.038251
0 0.828825 0.63224 0.068097 0.086339
0 0.832556 0.659016 0.036381 0.04153
0 0.747668 0.58306 0.028918 0.031694
0 0.98834 0.5 0.021455 0.029508
0 0.987873 0.472131 0.020522 0.019672
0 0.984608 0.454645 0.027052 0.043716
0 0.963153 0.444809 0.030784 0.032787
0 0.97528 0.420219 0.041978 0.051366
0 0.939832 0.475956 0.036381 0.031694
0 0.968284 0.491257 0.027985 0.040437
0 0.908582 0.470492 0.031716 0.031694
0 0.929571 0.428962 0.07556 0.071038
0 0.845616 0.44153 0.030784 0.02623
0 0.777052 0.371585 0.05597 0.06776
0 0.749534 0.412568 0.032649 0.027322
0 0.781716 0.424044 0.033582 0.030601
0 0.696362 0.355191 0.0625 0.074317
0 0.49347 0.320219 0.029851 0.024044
0 0.4375 0.284153 0.033582 0.037158
0 0.44916 0.303825 0.030784 0.045902
0 0.331623 0.242077 0.041978 0.040437
0 0.344683 0.281421 0.034515 0.042623
0 0.257929 0.239344 0.032649 0.045902
0 0.265858 0.261202 0.027985 0.034973
0 0.236474 0.256831 0.01959 0.028415
0 0.234142 0.272678 0.022388 0.025137
0 0.223881 0.254098 0.020522 0.025137
0 0.206623 0.264481 0.021455 0.028415
0 0.216884 0.283607 0.025187 0.020765
0 0.223414 0.3 0.030784 0.036066
0 0.235075 0.318033 0.027985 0.034973
0 0.23694 0.343716 0.029851 0.036066
0 0.271455 0.359016 0.046642 0.04918
0 0.270056 0.322404 0.028918 0.034973
0 0.256996 0.296721 0.047575 0.060109
0 0.166045 0.280328 0.018657 0.027322
0 0.169776 0.293443 0.020522 0.022951
0 0.171175 0.312568 0.023321 0.024044
0 0.150653 0.289071 0.025187 0.031694
0 0.143657 0.30765 0.022388 0.022951
0 0.159981 0.332787 0.027052 0.031694
0 0.129198 0.31694 0.01959 0.02623
0 0.134328 0.344809 0.029851 0.038251
0 0.14319 0.365574 0.027052 0.038251
0 0.094216 0.315847 0.029851 0.030601
0 0.104478 0.351366 0.037313 0.027322
0 0.166511 0.408743 0.053172 0.061202
0 0.062034 0.331694 0.030784 0.03388
0 0.04944 0.348634 0.018657 0.032787
0 0.048041 0.372678 0.036381 0.024044
0 0.052705 0.397814 0.028918 0.034973
0 0.074627 0.362295 0.033582 0.031694
0 0.077425 0.396175 0.031716 0.040437
0 0.081623 0.434973 0.032649 0.04153
0 0.025653 0.351366 0.032649 0.036066
