0 0.129789 0.852459 0.079502 0.091803
0 0.314176 0.656284 0.091954 0.088525
0 0.353927 0.560656 0.073755 0.074317
0 0.327107 0.38306 0.039272 0.036066
0 0.335728 0.166667 0.045019 0.03388
0 0.387931 0.271038 0.036398 0.034973
0 0.443008 0.31694 0.046935 0.037158
0 0.540709 0.030055 0.023946 0.020765
0 0.65182 0.067213 0.062261 0.057923
0 0.733238 0.069945 0.027778 0.028415
0 0.766284 0.075956 0.024904 0.027322
0 0.800287 0.078689 0.016284 0.021858
0 0.83477 0.086339 0.020115 0.019672
0 0.8659 0.087978 0.021073 0.020765
0 0.893199 0.090164 0.025862 0.018579
0 0.922893 0.095082 0.025862 0.024044
0 0.954023 0.096721 0.022989 0.020765
0 0.899904 0.260656 0.037356 0.027322
0 0.956897 0.283607 0.045977 0.036066
0 0.983238 0.338251 0.027778 0.027322
0 0.984674 0.401093 0.021073 0.02623
