0 0.062739 0.134426 0.052682 0.043716
0 0.306992 0.357377 0.052682 0.039344
0 0.292146 0.399454 0.061303 0.044809
0 0.280172 0.440984 0.054598 0.044809
0 0.262931 0.491803 0.062261 0.048087
0 0.248563 0.542623 0.060345 0.055738
0 0.231322 0.594536 0.066092 0.048087
0 0.219828 0.648634 0.052682 0.055738
0 0.194923 0.703279 0.068008 0.055738
0 0.1341 0.893443 0.070881 0.073224
0 0.107759 0.969399 0.081418 0.059016
0 0.642241 0.236066 0.045019 0.039344
0 0.638889 0.273224 0.049808 0.043716
0 0.6341 0.316393 0.045977 0.046995
0 0.623084 0.365574 0.048851 0.044809
0 0.619253 0.415847 0.048851 0.04918
0 0.6159 0.467213 0.045977 0.055738
0 0.609674 0.521311 0.048851 0.059016
0 0.587644 0.707104 0.052682 0.065574
0 0.579502 0.774317 0.055556 0.07541
