0 0.113506 0.544809 0.060345 0.068852
0 0.139847 0.635519 0.068966 0.066667
0 0.23228 0.910929 0.07567 0.097268
0 0.283525 0.924044 0.057471 0.066667
0 0.175766 0.479235 0.066092 0.055738
0 0.249042 0.453552 0.063218 0.06776
0 0.268678 0.403279 0.060345 0.059016
0 0.310345 0.447541 0.063218 0.062295
0 0.342433 0.454645 0.071839 0.059016
0 0.358238 0.506011 0.057471 0.061202
0 0.539751 0.55082 0.039272 0.039344
0 0.555556 0.520219 0.047893 0.039344
0 0.560824 0.478142 0.043103 0.040437
0 0.640326 0.579781 0.033525 0.040437
0 0.689176 0.638798 0.064176 0.086339
0 0.758621 0.73388 0.074713 0.09071
0 0.617816 0.395082 0.045977 0.04918
0 0.602969 0.251913 0.029693 0.025137
0 0.702107 0.427322 0.059387 0.054645
0 0.743774 0.480874 0.064176 0.059016
0 0.79023 0.512568 0.028736 0.028415
0 0.820402 0.56776 0.066092 0.062295
0 0.867337 0.60765 0.041188 0.043716
0 0.911398 0.553552 0.025862 0.025137
0 0.928161 0.573224 0.022989 0.025137
0 0.947797 0.595628 0.023946 0.02623
0 0.966954 0.616393 0.025862 0.02623
0 0.940613 0.527869 0.024904 0.02623
0 0.960728 0.546995 0.024904 0.027322
0 0.978448 0.569399 0.025862 0.02623
0 0.974138 0.502732 0.028736 0.024044
0 0.990421 0.522404 0.017241 0.024044
