0 0.275383 0.286339 0.064176 0.063388
0 0.389847 0.478142 0.086207 0.099454
0 0.383142 0.576503 0.061303 0.066667
0 0.437261 0.563934 0.054598 0.052459
0 0.511973 0.724044 0.083333 0.099454
0 0.546935 0.230601 0.049808 0.054645
0 0.636015 0.126776 0.032567 0.032787
0 0.638889 0.165027 0.032567 0.028415
0 0.63841 0.2 0.037356 0.039344
0 0.671935 0.147541 0.033525 0.02623
0 0.723659 0.194536 0.029693 0.030601
0 0.912356 0.317486 0.037356 0.03388
0 0.944923 0.330601 0.033525 0.027322
0 0.926245 0.352459 0.036398 0.036066
0 0.956418 0.359563 0.029693 0.032787
0 0.970785 0.348634 0.039272 0.028415
