0 0.118774 0.621858 0.055556 0.059016
0 0.174808 0.550273 0.056513 0.053552
0 0.244732 0.527322 0.043103 0.03388
0 0.221264 0.75847 0.045977 0.043716
0 0.311303 0.725683 0.065134 0.056831
0 0.416188 0.843716 0.068008 0.080874
0 0.455939 0.725683 0.057471 0.080874
0 0.423372 0.555191 0.059387 0.061202
0 0.966475 0.463388 0.02682 0.024044
0 0.984195 0.453552 0.025862 0.024044
0 0.98659 0.381967 0.021073 0.016393
0 0.906609 0.401093 0.020115 0.021858
0 0.890326 0.362295 0.027778 0.022951
0 0.920977 0.354098 0.025862 0.019672
0 0.790709 0.26776 0.020115 0.019672
0 0.932471 0.115301 0.048851 0.029508
0 0.664751 0.079781 0.036398 0.030601
0 0.703544 0.045355 0.033525 0.025137
0 0.734195 0.031148 0.025862 0.022951
0 0.747126 0.020765 0.022989 0.021858
0 0.762452 0.010383 0.021073 0.016393
0 0.697797 0.013661 0.023946 0.022951
0 0.671456 0.013115 0.028736 0.019672
