0 0.054688 0.071289 0.105469 0.076172
0 0.076172 0.223633 0.089844 0.068359
0 0.133789 0.126953 0.083984 0.066406
0 0.106445 0.40625 0.099609 0.058594
0 0.185547 0.453125 0.082031 0.058594
0 0.133789 0.557617 0.095703 0.068359
0 0.15918 0.702148 0.107422 0.068359
0 0.224609 0.751953 0.097656 0.066406
0 0.174805 0.860352 0.099609 0.083984
0 0.632812 0.03125 0.085938 0.054688
0 0.654297 0.185547 0.074219 0.0625
0 0.682617 0.368164 0.087891 0.068359
0 0.756836 0.412109 0.099609 0.070312
0 0.706055 0.514648 0.087891 0.068359
0 0.78125 0.564453 0.09375 0.066406
0 0.799805 0.712891 0.099609 0.082031
0 0.793945 0.823242 0.146484 0.130859
0 0.823242 0.96582 0.091797 0.064453
0 0.866211 0.074219 0.091797 0.074219
