0 0.469828 0.078142 0.069923 0.053552
0 0.514847 0.139891 0.079502 0.063388
0 0.566092 0.210383 0.076628 0.057923
0 0.683429 0.369945 0.098659 0.077596
0 0.752395 0.467213 0.092912 0.084153
0 0.825192 0.576503 0.08908 0.09071
0 0.918582 0.699454 0.10728 0.102732
0 0.375479 0.213661 0.06705 0.051366
0 0.495211 0.416393 0.08046 0.065574
0 0.597222 0.589617 0.098659 0.086339
0 0.724617 0.811475 0.10249 0.106011
0 0.059387 0.249727 0.02682 0.029508
0 0.01341 0.361749 0.02682 0.037158
0 0.044061 0.474863 0.055556 0.040437
0 0.080939 0.612022 0.039272 0.032787
0 0.183908 0.960656 0.061303 0.059016
