0 0.185345 0.493989 0.043103 0.045902
0 0.204502 0.43224 0.060345 0.066667
0 0.389368 0.574317 0.043103 0.04918
0 0.448755 0.596721 0.048851 0.052459
0 0.508142 0.622951 0.045019 0.052459
0 0.572797 0.64918 0.049808 0.052459
0 0.62069 0.668306 0.028736 0.040437
0 0.630747 0.59071 0.066092 0.07541
0 0.64751 0.495082 0.047893 0.045902
0 0.550287 0.489617 0.060345 0.063388
0 0.503831 0.463934 0.038314 0.042623
0 0.446839 0.43224 0.060345 0.060109
0 0.624042 0.124044 0.048851 0.044809
0 0.722222 0.129508 0.055556 0.042623
