0 0.726054 0.189617 0.057471 0.053552
0 0.764368 0.23224 0.045977 0.040437
0 0.815613 0.269399 0.046935 0.042623
0 0.864464 0.311475 0.041188 0.039344
0 0.919061 0.345902 0.046935 0.04918
0 0.621648 0.274863 0.072797 0.064481
0 0.659483 0.327322 0.054598 0.046995
0 0.71408 0.36612 0.077586 0.072131
0 0.756226 0.422404 0.048851 0.046995
0 0.806034 0.459016 0.054598 0.059016
0 0.485632 0.391803 0.08046 0.07541
0 0.584291 0.48306 0.055556 0.056831
0 0.633621 0.540437 0.054598 0.060109
0 0.673372 0.598907 0.065134 0.065574
0 0.363027 0.489617 0.084291 0.087432
0 0.409483 0.548087 0.048851 0.04918
0 0.457375 0.603279 0.08908 0.085246
