0 0.202107 0.012022 0.024904 0.019672
0 0.125 0.151913 0.050766 0.04153
0 0.136494 0.106011 0.046935 0.04153
0 0.166188 0.05847 0.041188 0.044809
0 0.216475 0.060109 0.044061 0.034973
0 0.271552 0.06612 0.045019 0.044809
0 0.265805 0.10765 0.050766 0.038251
0 0.234674 0.152459 0.05364 0.042623
0 0.314176 0.224044 0.038314 0.04153
0 0.34818 0.181967 0.041188 0.042623
0 0.386015 0.148087 0.04023 0.040437
0 0.425766 0.118579 0.041188 0.040437
0 0.409962 0.261749 0.044061 0.040437
0 0.544061 0.164481 0.034483 0.031694
0 0.587165 0.135519 0.047893 0.04153
0 0.617816 0.106011 0.05364 0.043716
0 0.690613 0.104372 0.028736 0.029508
0 0.66092 0.225683 0.045977 0.053552
0 0.633621 0.28306 0.027778 0.037158
0 0.703544 0.298361 0.031609 0.034973
0 0.653257 0.337705 0.036398 0.034973
0 0.558429 0.377596 0.055556 0.057923
0 0.602011 0.385246 0.033525 0.042623
0 0.636015 0.393989 0.022989 0.029508
0 0.678161 0.40929 0.02682 0.029508
0 0.753352 0.421311 0.058429 0.053552
0 0.616858 0.502186 0.034483 0.040437
0 0.751437 0.532787 0.035441 0.042623
0 0.597222 0.600546 0.033525 0.044809
0 0.632663 0.719672 0.037356 0.044809
0 0.706897 0.813661 0.065134 0.066667
0 0.873563 0.86776 0.06705 0.085246
0 0.454502 0.674863 0.033525 0.044809
0 0.431513 0.635519 0.046935 0.04918
0 0.418582 0.586339 0.038314 0.040437
0 0.302682 0.596721 0.034483 0.048087
0 0.240421 0.502186 0.024904 0.036066
0 0.322318 0.413115 0.058429 0.050273
0 0.363506 0.423497 0.033525 0.042623
0 0.409483 0.435519 0.058429 0.057923
0 0.215038 0.663934 0.041188 0.046995
0 0.224138 0.722951 0.042146 0.046995
0 0.247126 0.796721 0.04023 0.048087
0 0.258621 0.965574 0.04023 0.04918
0 0.107759 0.930055 0.054598 0.059016
0 0.116379 0.86612 0.052682 0.051366
0 0.091954 0.728415 0.044061 0.051366
0 0.055077 0.035519 0.046935 0.025137
0 0.021073 0.10929 0.042146 0.02623
0 0.015326 0.145355 0.030651 0.028415
