0 0.142025 0.57739 0.058244 0.113809
0 0.18862 0.62519 0.02957 0.063733
0 0.209229 0.508346 0.025986 0.066768
0 0.206541 0.417299 0.042115 0.094082
0 0.452061 0.239757 0.077957 0.112291
0 0.446685 0.413505 0.061828 0.095599
0 0.432348 0.510622 0.06362 0.092564
0 0.521953 0.276176 0.034946 0.069803
0 0.521953 0.34522 0.02957 0.059181
0 0.517025 0.39909 0.02509 0.048558
0 0.505824 0.452959 0.02957 0.059181
0 0.494176 0.544006 0.025986 0.059181
0 0.489247 0.593323 0.021505 0.054628
0 0.482079 0.638847 0.02509 0.045524
0 0.475358 0.76783 0.036738 0.051593
0 0.589606 0.403642 0.028674 0.057663
0 0.574821 0.498483 0.022401 0.068285
0 0.547939 0.716995 0.031362 0.059181
0 0.541219 0.765554 0.028674 0.053111
0 0.71371 0.424127 0.024194 0.047041
0 0.758513 0.501517 0.024194 0.044006
0 0.913978 0.433232 0.043011 0.074355
0 0.983871 0.484825 0.026882 0.059181
0 0.987903 0.424127 0.018817 0.053111
0 0.990143 0.364188 0.014337 0.054628
