0 0.113506 0.105464 0.016284 0.016393
0 0.141762 0.130055 0.015326 0.017486
0 0.167625 0.160109 0.017241 0.016393
0 0.266762 0.225683 0.023946 0.022951
0 0.293582 0.172131 0.029693 0.031694
0 0.591954 0.177049 0.02682 0.032787
0 0.647989 0.189071 0.022031 0.02623
0 0.703544 0.220765 0.027778 0.030601
0 0.379789 0.263934 0.025862 0.018579
0 0.352011 0.334426 0.054598 0.045902
0 0.396073 0.33224 0.043103 0.048087
0 0.211686 0.427322 0.047893 0.054645
0 0.465038 0.426776 0.052682 0.064481
0 0.470785 0.469399 0.073755 0.079781
0 0.526341 0.456284 0.069923 0.084153
0 0.521552 0.511475 0.069923 0.08306
0 0.572318 0.504918 0.056513 0.076503
0 0.581897 0.55082 0.069923 0.078689
0 0.629789 0.54918 0.060345 0.084153
0 0.633142 0.604372 0.068966 0.093989
