0 0.200269 0.16085 0.043907 0.072838
0 0.219534 0.203338 0.046595 0.072838
0 0.252688 0.245068 0.060932 0.07739
0 0.293459 0.19651 0.024194 0.044006
0 0.265681 0.116844 0.031362 0.054628
0 0.292563 0.109256 0.033154 0.051593
0 0.298387 0.146434 0.032258 0.050076
0 0.317652 0.150228 0.034946 0.051593
0 0.37052 0.224583 0.027778 0.039454
0 0.219086 0.588012 0.020609 0.031866
0 0.396505 0.41047 0.049283 0.074355
0 0.456093 0.386191 0.037634 0.062215
0 0.421595 0.466616 0.033154 0.056146
0 0.453853 0.515175 0.036738 0.059181
0 0.508961 0.455994 0.028674 0.053111
0 0.490591 0.562215 0.040323 0.074355
0 0.33871 0.611533 0.016129 0.039454
0 0.357527 0.58953 0.023297 0.044006
0 0.336918 0.665402 0.023297 0.037936
0 0.578853 0.608498 0.048387 0.081942
0 0.548387 0.643399 0.035842 0.063733
0 0.525538 0.680577 0.036738 0.053111
0 0.65233 0.717754 0.055556 0.097117
0 0.616935 0.778452 0.025986 0.045524
0 0.596326 0.807284 0.02957 0.045524
0 0.74776 0.932473 0.058244 0.092564
