0 0.691092 0.817486 0.031609 0.037158
0 0.711207 0.795628 0.031609 0.039344
0 0.777299 0.768306 0.025862 0.030601
0 0.665709 0.668306 0.034483 0.044809
0 0.597701 0.636066 0.028736 0.032787
0 0.545498 0.586339 0.027778 0.03388
0 0.481801 0.629508 0.028736 0.039344
0 0.611111 0.55082 0.04023 0.039344
0 0.460249 0.339344 0.094828 0.07541
0 0.601533 0.286339 0.076628 0.076503
0 0.518199 0.451366 0.082375 0.072131
0 0.623084 0.476503 0.081418 0.093989
0 0.660441 0.60929 0.079502 0.09071
0 0.717912 0.542077 0.07567 0.089617
0 0.769636 0.644809 0.07567 0.098361
0 0.829023 0.733333 0.083333 0.111475
0 0.733238 0.467213 0.071839 0.081967
0 0.785441 0.543169 0.090038 0.098361
0 0.839559 0.625683 0.077586 0.079781
0 0.893199 0.701093 0.07567 0.092896
0 0.284004 0.12459 0.023946 0.02623
0 0.310345 0.110929 0.022989 0.031694
0 0.335728 0.094536 0.022031 0.020765
0 0.365421 0.082514 0.031609 0.036066
0 0.339559 0.045355 0.025862 0.027322
0 0.314176 0.057377 0.02682 0.022951
0 0.26341 0.087978 0.022989 0.020765
0 0.152299 0.018033 0.068966 0.036066
