0 0.566092 0.739891 0.051724 0.065574
0 0.565134 0.683607 0.045977 0.062295
0 0.525383 0.635519 0.041188 0.053552
0 0.462644 0.634973 0.051724 0.045902
0 0.762452 0.590164 0.072797 0.078689
0 0.701149 0.521311 0.063218 0.072131
0 0.753831 0.478142 0.038314 0.051366
0 0.829502 0.411475 0.045977 0.042623
0 0.863027 0.380874 0.047893 0.042623
0 0.896552 0.345902 0.045977 0.042623
0 0.783046 0.33388 0.043103 0.051366
0 0.77682 0.240437 0.049808 0.043716
0 0.571839 0.327869 0.057471 0.059016
0 0.539751 0.246448 0.045019 0.042623
0 0.439176 0.318033 0.039272 0.032787
0 0.406609 0.340437 0.037356 0.040437
0 0.380268 0.357377 0.02682 0.039344
0 0.352969 0.371585 0.039272 0.04153
0 0.318008 0.400546 0.045977 0.042623
0 0.287835 0.330601 0.037356 0.038251
0 0.34387 0.287978 0.034483 0.03388
0 0.375958 0.272131 0.039272 0.032787
0 0.432471 0.229508 0.037356 0.032787
0 0.457854 0.213661 0.02682 0.029508
0 0.105364 0.350273 0.04023 0.040437
0 0.122126 0.313661 0.043103 0.039344
0 0.169061 0.289071 0.039272 0.036066
0 0.208812 0.271038 0.04023 0.039344
0 0.227011 0.286339 0.017241 0.028415
