0 0.223659 0.161202 0.062261 0.062295
0 0.209291 0.249727 0.064176 0.055738
0 0.138889 0.583607 0.072797 0.078689
0 0.170019 0.687432 0.100575 0.098361
0 0.208812 0.788525 0.097701 0.101639
0 0.253352 0.904372 0.100575 0.112568
0 0.391762 0.751913 0.101533 0.120219
0 0.337644 0.646995 0.094828 0.100546
0 0.306034 0.548634 0.106322 0.096175
0 0.340038 0.263388 0.076628 0.087432
0 0.419061 0.328415 0.07567 0.062295
0 0.504789 0.474317 0.074713 0.072131
0 0.554119 0.555191 0.090996 0.087432
0 0.6159 0.634426 0.055556 0.062295
0 0.46408 0.118033 0.071839 0.072131
0 0.492337 0.168306 0.076628 0.06776
0 0.534004 0.220765 0.07567 0.06776
0 0.574713 0.28306 0.08046 0.069945
0 0.756705 0.11694 0.047893 0.052459
0 0.807471 0.118033 0.045977 0.045902
0 0.978927 0.1 0.04023 0.042623
0 0.757663 0.960109 0.063218 0.071038
