0 0.047414 0.05847 0.035441 0.020765
0 0.049808 0.086339 0.032567 0.024044
0 0.048851 0.106011 0.02682 0.019672
0 0.051724 0.12623 0.030651 0.020765
0 0.056034 0.15847 0.033525 0.02623
0 0.048372 0.187978 0.039272 0.028415
0 0.050766 0.215301 0.042146 0.02623
0 0.054119 0.242623 0.035441 0.030601
0 0.063218 0.277596 0.05364 0.045902
0 0.058908 0.327322 0.029693 0.029508
0 0.068008 0.444262 0.036398 0.036066
0 0.069444 0.479235 0.033525 0.036066
0 0.074713 0.512568 0.038314 0.037158
0 0.077586 0.54918 0.044061 0.038251
0 0.08046 0.587432 0.04023 0.042623
0 0.137931 0.556831 0.036398 0.042623
0 0.122605 0.363388 0.028736 0.029508
0 0.203065 0.116393 0.02682 0.025137
0 0.258142 0.09071 0.029693 0.030601
0 0.243295 0.011475 0.028736 0.018579
0 0.176724 0.219126 0.029693 0.029508
0 0.195402 0.242077 0.032567 0.027322
0 0.255268 0.312022 0.033525 0.031694
0 0.269636 0.34153 0.035441 0.027322
0 0.191092 0.483607 0.037356 0.027322
0 0.24569 0.44153 0.041188 0.034973
0 0.299808 0.414754 0.049808 0.029508
0 0.227011 0.588525 0.068966 0.081967
0 0.30364 0.568852 0.065134 0.077596
0 0.40182 0.512568 0.033525 0.037158
0 0.445881 0.484153 0.052682 0.056831
0 0.534004 0.43224 0.054598 0.053552
0 0.576149 0.410383 0.035441 0.038251
0 0.622126 0.387978 0.054598 0.054645
0 0.662835 0.357377 0.034483 0.030601
0 0.707375 0.336066 0.054598 0.053552
0 0.769157 0.306011 0.055556 0.056831
0 0.814176 0.281967 0.034483 0.039344
0 0.847222 0.262295 0.029693 0.034973
0 0.879789 0.239891 0.031609 0.036066
0 0.980364 0.148087 0.033525 0.040437
0 0.680077 0.43224 0.038314 0.038251
0 0.911877 0.368852 0.038314 0.038251
0 0.875958 0.392896 0.035441 0.040437
0 0.837644 0.418579 0.035441 0.04153
0 0.743295 0.471038 0.038314 0.048087
0 0.702586 0.5 0.035441 0.042623
0 0.659962 0.522404 0.04023 0.045902
0 0.6159 0.553552 0.036398 0.042623
0 0.576628 0.587432 0.034483 0.040437
0 0.527778 0.614208 0.038314 0.048087
0 0.480843 0.643716 0.034483 0.045902
0 0.427203 0.668852 0.049808 0.065574
0 0.208333 0.838798 0.043103 0.051366
0 0.229885 0.982514 0.045977 0.030601
