0 0.123563 0.315847 0.045977 0.043716
0 0.106322 0.351913 0.045977 0.043716
0 0.16954 0.289617 0.045977 0.04153
0 0.210249 0.269945 0.043103 0.04153
0 0.227011 0.286339 0.028736 0.030601
0 0.288793 0.330601 0.037356 0.038251
0 0.342912 0.287978 0.036398 0.038251
0 0.378352 0.27377 0.04023 0.036066
0 0.435345 0.228415 0.037356 0.039344
0 0.459291 0.212568 0.023946 0.03388
0 0.536877 0.242077 0.045019 0.038251
0 0.409483 0.338251 0.037356 0.036066
0 0.383621 0.356831 0.031609 0.040437
0 0.351533 0.371038 0.036398 0.036066
0 0.318008 0.397814 0.051724 0.04153
0 0.575192 0.330055 0.060345 0.059016
0 0.779693 0.242077 0.047893 0.040437
0 0.784004 0.331148 0.041188 0.039344
0 0.89751 0.348634 0.042146 0.04153
0 0.863985 0.378142 0.045977 0.043716
0 0.829023 0.413661 0.043103 0.042623
0 0.758621 0.478689 0.051724 0.045902
0 0.70067 0.525137 0.068008 0.07541
0 0.763889 0.591257 0.064176 0.080874
0 0.52682 0.636066 0.044061 0.052459
0 0.46408 0.63388 0.054598 0.054645
0 0.565613 0.685246 0.050766 0.065574
0 0.565134 0.74153 0.051724 0.068852
