0 0.771552 0.050273 0.054598 0.056831
0 0.711686 0.10929 0.063218 0.054645
0 0.539272 0.195628 0.051724 0.059016
0 0.511015 0.138251 0.068008 0.04918
0 0.470307 0.05847 0.057471 0.046995
0 0.434387 0.201093 0.054598 0.043716
0 0.288793 0.114208 0.054598 0.053552
0 0.267241 0.18306 0.068966 0.053552
0 0.094349 0.197814 0.062261 0.061202
0 0.308429 0.259563 0.105364 0.081967
0 0.144636 0.372131 0.065134 0.055738
0 0.097222 0.564481 0.07567 0.07541
0 0.250479 0.573224 0.106322 0.112568
0 0.351054 0.528962 0.066092 0.074317
0 0.46408 0.484153 0.066092 0.072131
0 0.67864 0.381967 0.094828 0.101639
0 0.454502 0.797814 0.112069 0.135519
0 0.698276 0.683607 0.114943 0.160656
0 0.832375 0.602186 0.097701 0.131148
0 0.934866 0.55082 0.105364 0.118033
