0 0.117816 0.678142 0.068966 0.09071
0 0.747605 0.26776 0.025862 0.02623
0 0.821839 0.298361 0.017241 0.019672
0 0.838123 0.302732 0.017241 0.017486
0 0.835728 0.364481 0.022031 0.022951
0 0.828065 0.381421 0.020115 0.021858
0 0.820881 0.398907 0.022989 0.019672
0 0.809866 0.417486 0.018199 0.024044
0 0.672414 0.322951 0.022989 0.022951
0 0.637452 0.4 0.027778 0.02623
0 0.784004 0.466667 0.027778 0.034973
0 0.79933 0.510929 0.031609 0.03388
0 0.774904 0.545355 0.028736 0.030601
0 0.934866 0.185246 0.030651 0.022951
