0 0.09818 0.033333 0.060345 0.055738
0 0.085728 0.08306 0.062261 0.054645
0 0.062739 0.162842 0.058429 0.052459
0 0.049808 0.214754 0.06705 0.055738
0 0.029693 0.267213 0.055556 0.055738
0 0.016762 0.374863 0.035441 0.056831
0 0.015326 0.427869 0.030651 0.055738
0 0.328544 0.10929 0.042146 0.04153
0 0.284004 0.314208 0.033525 0.038251
0 0.273946 0.414208 0.05364 0.050273
0 0.235153 0.648634 0.052682 0.064481
0 0.27251 0.765574 0.056513 0.07541
0 0.3841 0.387978 0.057471 0.063388
0 0.719828 0.80929 0.048851 0.064481
0 0.851054 0.822404 0.071839 0.077596
