0 0.674808 0.064481 0.029693 0.034973
0 0.684387 0.110929 0.029693 0.038251
0 0.562739 0.283607 0.041188 0.046995
0 0.568487 0.32623 0.045019 0.042623
0 0.573755 0.368852 0.045977 0.046995
0 0.586207 0.484699 0.051724 0.062295
0 0.642241 0.480328 0.050766 0.057923
0 0.693008 0.476503 0.046935 0.059016
0 0.887931 0.460656 0.049808 0.04918
0 0.329981 0.63388 0.054598 0.074317
0 0.257663 0.671038 0.059387 0.076503
0 0.195881 0.715847 0.071839 0.093989
0 0.111111 0.759016 0.047893 0.055738
0 0.609674 0.832787 0.050766 0.072131
