0 0.397031 0.071038 0.100575 0.065574
0 0.36159 0.019126 0.098659 0.027322
0 0.918103 0.072678 0.043103 0.029508
0 0.928161 0.115847 0.045977 0.04153
0 0.977969 0.328962 0.036398 0.087432
0 0.83046 0.140437 0.074713 0.066667
0 0.587165 0.239344 0.088123 0.085246
0 0.331418 0.348634 0.101533 0.107104
0 0.110632 0.420765 0.100575 0.093989
0 0.246648 0.678142 0.096743 0.138798
0 0.483716 0.575956 0.099617 0.12459
0 0.602969 0.527322 0.096743 0.110383
0 0.717433 0.47377 0.097701 0.108197
0 0.917625 0.386339 0.09387 0.106011
