0 0.284049 0.857377 0.058769 0.092896
0 0.592817 0.496175 0.068097 0.052459
0 0.601679 0.622404 0.072761 0.066667
0 0.733675 0.420219 0.04944 0.040437
0 0.815765 0.629508 0.04944 0.056831
0 0.695429 0.062295 0.045709 0.028415
0 0.699627 0.023497 0.037313 0.027322
0 0.576493 0.198907 0.027985 0.024044
0 0.581623 0.248087 0.032649 0.028415
0 0.588619 0.277049 0.020522 0.020765
0 0.616138 0.263934 0.027052 0.022951
0 0.63153 0.245355 0.022388 0.022951
0 0.666511 0.236612 0.025187 0.020765
0 0.624534 0.177596 0.021455 0.020765
0 0.63153 0.200546 0.022388 0.022951
