0 0.307471 0.189071 0.08046 0.059016
0 0.331897 0.248634 0.071839 0.060109
0 0.3659 0.30929 0.072797 0.063388
0 0.520594 0.565027 0.100575 0.087432
0 0.569923 0.660109 0.099617 0.096175
0 0.613027 0.768852 0.076628 0.068852
0 0.687739 0.865574 0.111111 0.118033
0 0.76341 0.965574 0.08046 0.062295
0 0.430556 0.06612 0.069923 0.04918
0 0.45977 0.115847 0.074713 0.056831
0 0.499042 0.157377 0.068966 0.052459
0 0.534004 0.218033 0.081418 0.068852
0 0.577586 0.274863 0.074713 0.060109
0 0.645115 0.359563 0.083333 0.072131
0 0.717912 0.437705 0.056513 0.04918
0 0.7409 0.52459 0.052682 0.052459
0 0.776341 0.576503 0.054598 0.051366
0 0.852969 0.64918 0.090996 0.091803
