0 0.072318 0.02623 0.025862 0.019672
0 0.061303 0.036612 0.02682 0.016393
0 0.048851 0.048087 0.028736 0.019672
0 0.604885 0.166667 0.043103 0.046995
0 0.718391 0.185792 0.063218 0.065574
0 0.796935 0.12459 0.036398 0.032787
0 0.833812 0.136612 0.037356 0.032787
0 0.87069 0.15082 0.04023 0.039344
0 0.459291 0.237705 0.046935 0.042623
0 0.475575 0.260656 0.037356 0.036066
0 0.506226 0.250273 0.043103 0.043716
0 0.552203 0.275956 0.037356 0.036066
0 0.52251 0.308197 0.041188 0.039344
0 0.559866 0.362842 0.029693 0.02623
0 0.588602 0.365574 0.041188 0.042623
0 0.568487 0.391803 0.045019 0.042623
0 0.595785 0.408197 0.044061 0.04918
0 0.613985 0.381421 0.045977 0.04153
0 0.226533 0.606011 0.062261 0.064481
0 0.309866 0.65847 0.045019 0.044809
0 0.123084 0.660109 0.062261 0.076503
0 0.184387 0.70765 0.037356 0.038251
0 0.235632 0.731694 0.045977 0.055738
0 0.072797 0.73388 0.061303 0.077596
0 0.095785 0.809836 0.044061 0.052459
0 0.140326 0.827322 0.064176 0.076503
0 0.179119 0.807104 0.047893 0.062295
0 0.601533 0.166667 0.042146 0.046995
0 0.720785 0.187978 0.064176 0.063388
