0 0.12948 0.762519 0.040323 0.06525
0 0.257616 0.474203 0.027778 0.047041
0 0.277778 0.441578 0.023297 0.039454
0 0.295699 0.408953 0.023297 0.034901
0 0.316756 0.372534 0.025986 0.044006
0 0.334229 0.260243 0.026882 0.053111
0 0.366487 0.260243 0.030466 0.053111
0 0.395609 0.225341 0.025986 0.047041
0 0.413082 0.186646 0.02509 0.048558
0 0.435036 0.151745 0.025986 0.048558
0 0.388441 0.049317 0.033154 0.068285
0 0.40905 0.02352 0.020609 0.044006
0 0.219086 0.767071 0.036738 0.056146
0 0.242832 0.723065 0.032258 0.059181
0 0.265233 0.68437 0.037634 0.057663
0 0.290771 0.643399 0.036738 0.054628
0 0.296147 0.694234 0.033154 0.053111
0 0.319444 0.603187 0.033154 0.059181
0 0.347222 0.598634 0.036738 0.056146
0 0.344534 0.5478 0.033154 0.057663
0 0.373208 0.549317 0.02957 0.054628
0 0.372312 0.493171 0.031362 0.057663
0 0.396953 0.497724 0.032258 0.060698
0 0.409946 0.42261 0.02957 0.056146
0 0.510305 0.289074 0.054659 0.092564
0 0.535394 0.221548 0.034946 0.054628
0 0.557796 0.181335 0.034946 0.056146
0 0.576165 0.135053 0.028674 0.048558
0 0.617832 0.066009 0.031362 0.056146
0 0.65009 0.032625 0.042115 0.068285
0 0.678763 0.188923 0.027778 0.053111
0 0.651434 0.253414 0.037634 0.063733
0 0.43414 0.627466 0.031362 0.056146
0 0.408154 0.69651 0.045699 0.072838
0 0.378136 0.751897 0.041219 0.074355
0 0.34767 0.801973 0.039427 0.068285
0 0.314516 0.855842 0.044803 0.075873
0 0.762097 0.353566 0.033154 0.051593
0 0.657706 0.544006 0.032258 0.050076
