0 0.021552 0.388525 0.031609 0.042623
0 0.028736 0.418033 0.034483 0.036066
0 0.07567 0.434973 0.038314 0.039344
0 0.051724 0.344809 0.032567 0.036066
0 0.051245 0.373224 0.035441 0.038251
0 0.065613 0.304918 0.031609 0.034973
0 0.077586 0.322951 0.034483 0.040437
0 0.079023 0.351366 0.031609 0.042623
0 0.084291 0.374317 0.047893 0.040437
0 0.099617 0.394536 0.05364 0.043716
0 0.116379 0.351913 0.039272 0.039344
0 0.12069 0.314754 0.04023 0.034973
0 0.158525 0.328415 0.043103 0.04918
0 0.143199 0.370492 0.045019 0.04153
0 0.139847 0.4 0.04023 0.04153
0 0.16954 0.412022 0.032567 0.028415
0 0.187739 0.37541 0.044061 0.051366
0 0.197318 0.404918 0.047893 0.053552
0 0.195881 0.334973 0.041188 0.044809
0 0.224138 0.35082 0.038314 0.04153
0 0.227011 0.379781 0.044061 0.051366
0 0.246648 0.396175 0.043103 0.040437
0 0.266762 0.355738 0.048851 0.031694
0 0.269636 0.379235 0.043103 0.032787
0 0.298851 0.389617 0.045977 0.036066
0 0.302682 0.355738 0.049808 0.046995
0 0.32567 0.371585 0.047893 0.032787
0 0.369253 0.363388 0.039272 0.03388
0 0.305077 0.480874 0.052682 0.04153
0 0.340038 0.476503 0.038314 0.04153
0 0.329502 0.5 0.030651 0.027322
0 0.454502 0.43388 0.041188 0.034973
0 0.491858 0.439344 0.039272 0.030601
0 0.543582 0.448087 0.045019 0.030601
0 0.573755 0.459563 0.055556 0.044809
0 0.616858 0.468852 0.057471 0.043716
0 0.66092 0.472678 0.038314 0.042623
0 0.706418 0.489617 0.068008 0.050273
0 0.749521 0.503825 0.066092 0.054645
0 0.797893 0.50765 0.06705 0.062295
0 0.849617 0.522951 0.072797 0.057923
0 0.898467 0.538798 0.06705 0.054645
0 0.945881 0.544262 0.054598 0.065574
