0 0.460728 0.120765 0.055556 0.040437
0 0.515326 0.119672 0.055556 0.042623
0 0.234195 0.298907 0.077586 0.055738
0 0.329023 0.287978 0.077586 0.057923
0 0.417625 0.268852 0.076628 0.059016
0 0.504789 0.260109 0.057471 0.061202
0 0.589559 0.253552 0.060345 0.06776
0 0.677682 0.253552 0.068008 0.054645
0 0.757663 0.235519 0.057471 0.064481
0 0.287356 0.460109 0.08046 0.069945
0 0.384579 0.452459 0.081418 0.072131
0 0.496648 0.428962 0.062261 0.079781
0 0.666188 0.406011 0.058429 0.046995
0 0.761494 0.38306 0.057471 0.046995
0 0.848659 0.365574 0.059387 0.04918
0 0.976533 0.315847 0.041188 0.063388
0 0.828544 0.537705 0.042146 0.039344
0 0.922893 0.476503 0.043103 0.037158
0 0.265805 0.724044 0.083333 0.079781
0 0.321839 0.70765 0.063218 0.060109
