0 0.942529 0.132787 0.091954 0.081967
0 0.743295 0.563934 0.068966 0.072131
0 0.251437 0.619672 0.077586 0.065574
0 0.258142 0.514754 0.068008 0.052459
0 0.621648 0.354098 0.099617 0.085246
0 0.69205 0.184699 0.092912 0.089617
0 0.027778 0.413115 0.051724 0.085246
0 0.215517 0.242077 0.086207 0.09071
0 0.404215 0.168852 0.086207 0.101639
0 0.52682 0.120765 0.082375 0.077596
0 0.614464 0.089617 0.07567 0.076503
0 0.705939 0.05847 0.068966 0.079781
0 0.246648 0.046995 0.056513 0.048087
0 0.160441 0.079781 0.056513 0.054645
0 0.073755 0.104372 0.086207 0.073224
