0 0.314655 0.292896 0.041188 0.037158
0 0.354885 0.266667 0.041188 0.034973
0 0.578065 0.246995 0.043103 0.037158
0 0.530172 0.287432 0.043103 0.039344
0 0.470785 0.329508 0.045019 0.04918
0 0.412835 0.368852 0.049808 0.046995
0 0.355364 0.419126 0.051724 0.051366
0 0.29454 0.473224 0.056513 0.052459
0 0.219828 0.532787 0.060345 0.053552
0 0.750479 0.21694 0.037356 0.038251
0 0.69205 0.296721 0.037356 0.038251
0 0.644157 0.343169 0.039272 0.04153
0 0.592912 0.397268 0.042146 0.040437
0 0.487069 0.491803 0.052682 0.054645
0 0.418582 0.565027 0.059387 0.056831
0 0.348659 0.622404 0.059387 0.062295
0 0.780651 0.336066 0.02682 0.027322
0 0.751437 0.415301 0.027778 0.032787
0 0.497126 0.772678 0.047893 0.056831
0 0.466475 0.825683 0.061303 0.07541
