0 0.268657 0.438798 0.044776 0.046995
0 0.521455 0.410929 0.08209 0.080874
0 0.408582 0.329508 0.089552 0.081967
0 0.48834 0.312568 0.045709 0.050273
0 0.564832 0.303279 0.077425 0.07541
0 0.744869 0.298907 0.069963 0.088525
0 0.591884 0.110929 0.079291 0.057923
0 0.606343 0.056831 0.078358 0.056831
0 0.249534 0.545355 0.034515 0.056831
0 0.320896 0.551913 0.076493 0.100546
0 0.419776 0.536612 0.100746 0.104918
0 0.282649 0.751913 0.072761 0.089617
0 0.408116 0.738251 0.086754 0.108197
0 0.503265 0.719672 0.055037 0.068852
0 0.598881 0.717486 0.050373 0.064481
