0 0.072797 0.123497 0.090038 0.072131
0 0.387931 0.227322 0.045977 0.04153
0 0.377395 0.30765 0.049808 0.046995
0 0.492337 0.489617 0.113027 0.115847
0 0.500958 0.292896 0.101533 0.089617
0 0.60728 0.218579 0.055556 0.059016
0 0.718391 0.069945 0.086207 0.069945
0 0.720785 0.155191 0.07567 0.048087
0 0.73228 0.222951 0.068008 0.052459
0 0.749042 0.310383 0.068966 0.059016
0 0.756705 0.408197 0.084291 0.062295
0 0.614464 0.50765 0.064176 0.071038
0 0.721743 0.66612 0.071839 0.081967
0 0.729885 0.854098 0.074713 0.108197
0 0.811303 0.855191 0.072797 0.106011
0 0.890805 0.855191 0.08046 0.106011
