0 0.603448 0.033333 0.034483 0.036066
0 0.73659 0.008743 0.019157 0.013115
0 0.752874 0.018579 0.038314 0.028415
0 0.722701 0.057377 0.029693 0.027322
0 0.702586 0.089071 0.035441 0.031694
0 0.662356 0.104918 0.035441 0.030601
0 0.621169 0.132787 0.054598 0.038251
0 0.62069 0.310383 0.065134 0.048087
0 0.512931 0.497268 0.081418 0.063388
0 0.403736 0.619672 0.060345 0.069945
0 0.340996 0.695628 0.086207 0.073224
0 0.244253 0.72459 0.06705 0.063388
0 0.307471 0.781421 0.05364 0.056831
0 0.207854 0.784153 0.061303 0.064481
