0 0.654215 0.203279 0.045977 0.043716
0 0.698755 0.215301 0.052682 0.048087
0 0.749521 0.212022 0.046935 0.048087
0 0.80364 0.203825 0.042146 0.051366
0 0.837644 0.180328 0.048851 0.043716
0 0.900383 0.164481 0.047893 0.044809
0 0.795977 0.378689 0.057471 0.060109
0 0.849138 0.361202 0.052682 0.068852
0 0.898467 0.345902 0.051724 0.062295
0 0.941092 0.32623 0.054598 0.062295
0 0.76772 0.557377 0.048851 0.052459
0 0.329502 0.300546 0.049808 0.065574
0 0.373563 0.279781 0.044061 0.045902
0 0.427203 0.265574 0.044061 0.045902
0 0.477969 0.246448 0.042146 0.040437
0 0.407567 0.393443 0.043103 0.059016
0 0.463602 0.381967 0.045977 0.04918
0 0.51772 0.361202 0.045019 0.051366
0 0.370211 0.495628 0.048851 0.064481
0 0.429598 0.479235 0.056513 0.071038
0 0.488506 0.459016 0.057471 0.069945
0 0.54454 0.443169 0.054598 0.066667
0 0.599617 0.424044 0.05364 0.065574
0 0.418582 0.569399 0.068966 0.061202
0 0.501916 0.540437 0.06705 0.057923
0 0.585249 0.513115 0.06705 0.060109
