0 0.546595 0.404401 0.0681 0.098634
0 0.515681 0.505311 0.072581 0.112291
0 0.34543 0.446131 0.020609 0.039454
0 0.338262 0.384674 0.033154 0.047041
0 0.320341 0.313354 0.027778 0.034901
0 0.313172 0.348255 0.027778 0.034901
0 0.304211 0.392261 0.034946 0.044006
0 0.291667 0.448407 0.025986 0.044006
0 0.271953 0.498483 0.024194 0.037936
0 0.258961 0.551593 0.030466 0.050076
0 0.236111 0.253414 0.018817 0.042489
0 0.27733 0.085736 0.031362 0.056146
0 0.179659 0.248862 0.017025 0.033384
0 0.173387 0.274659 0.018817 0.024279
0 0.165323 0.302731 0.022401 0.031866
0 0.151434 0.336874 0.021505 0.036419
0 0.144265 0.371775 0.023297 0.039454
0 0.099462 0.398331 0.021505 0.040971
0 0.057348 0.414264 0.023297 0.030349
0 0.079749 0.367223 0.017921 0.024279
0 0.08871 0.33915 0.021505 0.031866
0 0.101254 0.311077 0.023297 0.036419
0 0.028226 0.35129 0.020609 0.044006
0 0.007616 0.371775 0.013441 0.033384
