0 0.63806 0.03224 0.072761 0.060109
0 0.627332 0.079235 0.047575 0.036066
0 0.883396 0.159563 0.106343 0.085246
0 0.797575 0.254645 0.115672 0.098361
0 0.73694 0.273224 0.06903 0.061202
0 0.595149 0.315847 0.089552 0.069945
0 0.649254 0.338798 0.067164 0.056831
0 0.697761 0.340437 0.06903 0.060109
0 0.740205 0.391257 0.069963 0.074317
0 0.704757 0.419126 0.079291 0.071038
0 0.633862 0.383607 0.092351 0.091803
0 0.576026 0.364481 0.066231 0.062295
0 0.652519 0.456284 0.081157 0.088525
0 0.562034 0.434973 0.056903 0.059016
0 0.507929 0.403279 0.064366 0.059016
0 0.507929 0.475956 0.084888 0.081967
0 0.446362 0.448634 0.0625 0.057923
0 0.418377 0.506011 0.058769 0.069945
0 0.467817 0.511475 0.060634 0.072131
0 0.474347 0.361202 0.112873 0.108197
0 0.578825 0.516393 0.094216 0.121311
0 0.329291 0.480328 0.054104 0.068852
0 0.222948 0.576503 0.048507 0.073224
0 0.33209 0.569399 0.085821 0.085246
0 0.398321 0.560109 0.072761 0.09071
0 0.430504 0.640984 0.036381 0.062295
0 0.476679 0.586885 0.102612 0.111475
0 0.395989 0.637705 0.07556 0.088525
0 0.323694 0.636066 0.074627 0.098361
0 0.38153 0.697814 0.072761 0.084153
0 0.311101 0.747541 0.090485 0.118033
0 0.221082 0.82459 0.095149 0.127869
