0 0.605877 0.055738 0.086754 0.059016
0 0.589552 0.112568 0.083955 0.056831
0 0.746735 0.300546 0.079291 0.091803
0 0.564832 0.308197 0.079291 0.078689
0 0.489739 0.312568 0.048507 0.050273
0 0.409049 0.330055 0.090485 0.085246
0 0.520522 0.412022 0.089552 0.085246
0 0.267724 0.440437 0.048507 0.050273
0 0.247668 0.542623 0.041978 0.055738
0 0.321828 0.551913 0.078358 0.102732
0 0.417444 0.536066 0.101679 0.108197
0 0.283116 0.751366 0.073694 0.081967
0 0.410448 0.737158 0.087687 0.110383
0 0.504664 0.724044 0.052239 0.064481
0 0.597948 0.717486 0.050373 0.073224
