0 0.133142 0.294536 0.084291 0.099454
0 0.234674 0.406557 0.057471 0.059016
0 0.298851 0.29071 0.051724 0.045902
0 0.347222 0.455191 0.062261 0.064481
0 0.441092 0.386339 0.054598 0.071038
0 0.535441 0.353552 0.049808 0.057923
0 0.784483 0.493443 0.074713 0.062295
0 0.806992 0.545902 0.064176 0.055738
0 0.820402 0.674317 0.071839 0.059016
0 0.78592 0.732787 0.083333 0.068852
0 0.863027 0.392896 0.059387 0.066667
0 0.900862 0.289071 0.060345 0.04918
0 0.827107 0.198907 0.056513 0.045902
0 0.981801 0.057923 0.034483 0.045902
