0 0.762452 0.963934 0.090038 0.065574
0 0.690613 0.862295 0.105364 0.118033
0 0.613027 0.766667 0.072797 0.071038
0 0.569444 0.656831 0.094828 0.093989
0 0.523946 0.565027 0.095785 0.08306
0 0.369732 0.30765 0.074713 0.066667
0 0.332854 0.245355 0.068008 0.060109
0 0.306992 0.185246 0.07567 0.062295
0 0.852969 0.650273 0.096743 0.089617
0 0.77682 0.57377 0.059387 0.052459
0 0.739943 0.523497 0.054598 0.052459
0 0.715517 0.429508 0.051724 0.045902
0 0.644636 0.355191 0.076628 0.06776
0 0.57567 0.273224 0.072797 0.061202
0 0.532567 0.214754 0.078544 0.062295
0 0.501916 0.156831 0.063218 0.053552
0 0.459291 0.113661 0.069923 0.052459
0 0.431034 0.06776 0.063218 0.045902
