0 0.604011 0.294536 0.032649 0.040437
0 0.629198 0.337158 0.027052 0.025137
0 0.645056 0.353552 0.01959 0.018579
0 0.65625 0.392896 0.036381 0.044809
0 0.73834 0.268306 0.038246 0.038251
0 0.769123 0.247541 0.040112 0.042623
0 0.696362 0.296175 0.023321 0.028415
0 0.708489 0.308743 0.01959 0.022951
0 0.730877 0.338798 0.017724 0.021858
0 0.75 0.348634 0.020522 0.024044
0 0.770522 0.372678 0.014925 0.019672
0 0.770056 0.386339 0.01959 0.025137
0 0.785914 0.402732 0.021455 0.020765
0 0.900653 0.428962 0.027052 0.027322
0 0.678172 0.523497 0.024254 0.032787
0 0.632929 0.555191 0.025187 0.030601
0 0.658582 0.610383 0.046642 0.04918
0 0.717817 0.562842 0.047575 0.059016
0 0.607743 0.64918 0.030784 0.032787
0 0.499067 0.719126 0.046642 0.063388
0 0.342351 0.795082 0.044776 0.068852
0 0.188433 0.849727 0.061567 0.055738
