0 0.772031 0.044262 0.04023 0.042623
0 0.883621 0.156831 0.048851 0.038251
0 0.742337 0.163388 0.038314 0.03388
0 0.54933 0.134426 0.025862 0.02623
0 0.627395 0.170492 0.032567 0.032787
0 0.667146 0.185792 0.043103 0.039344
0 0.708812 0.208197 0.04023 0.042623
0 0.577107 0.280328 0.073755 0.055738
0 0.789751 0.369945 0.058429 0.051366
0 0.732759 0.471585 0.063218 0.046995
0 0.706418 0.514208 0.058429 0.051366
0 0.684866 0.563388 0.06705 0.051366
0 0.654693 0.612568 0.039272 0.027322
0 0.402778 0.530601 0.071839 0.073224
0 0.335249 0.635519 0.091954 0.097268
0 0.259579 0.750273 0.10728 0.11694
0 0.232759 0.819126 0.051724 0.060109
0 0.173372 0.88306 0.116858 0.128962
