0 0.031716 0.060109 0.039179 0.04153
0 0.064832 0.070492 0.032649 0.029508
0 0.09375 0.085792 0.030784 0.029508
0 0.130131 0.095082 0.030784 0.02623
0 0.008862 0.413661 0.017724 0.029508
0 0.027519 0.312568 0.041978 0.034973
0 0.085821 0.261749 0.037313 0.038251
0 0.165578 0.271038 0.055037 0.045902
0 0.130597 0.670492 0.052239 0.055738
0 0.149254 0.730601 0.05597 0.071038
0 0.152519 0.840437 0.086754 0.122404
0 0.473881 0.251913 0.091418 0.073224
0 0.56903 0.227869 0.087687 0.07541
0 0.583022 0.371585 0.097015 0.087432
0 0.904851 0.628962 0.132463 0.143169
