0 0.597222 0.010383 0.025862 0.020765
0 0.576149 0.015301 0.056513 0.032787
0 0.562261 0.039344 0.036398 0.021858
0 0.548851 0.061202 0.036398 0.02623
0 0.503831 0.04918 0.02682 0.019672
0 0.51341 0.12459 0.063218 0.04153
0 0.484674 0.180328 0.061303 0.043716
0 0.465038 0.222951 0.066092 0.043716
0 0.440134 0.270492 0.064176 0.046995
0 0.411398 0.319126 0.066092 0.052459
0 0.374521 0.419672 0.038314 0.037158
0 0.335728 0.454645 0.069923 0.059016
0 0.405172 0.809836 0.10728 0.12459
0 0.456418 0.686885 0.096743 0.112568
0 0.5091 0.560656 0.090996 0.093989
0 0.557471 0.372678 0.05364 0.039344
0 0.57567 0.329508 0.055556 0.040437
0 0.595307 0.286339 0.060345 0.052459
0 0.621169 0.240437 0.058429 0.048087
0 0.644636 0.200546 0.06705 0.04918
0 0.70067 0.056831 0.062261 0.039344
0 0.727011 0.030055 0.024904 0.020765
