0 0.074713 0.12623 0.086207 0.068852
0 0.385057 0.227869 0.045977 0.042623
0 0.376437 0.308743 0.051724 0.04918
0 0.500958 0.294536 0.099617 0.09071
0 0.495211 0.49071 0.116858 0.111475
0 0.608238 0.214754 0.051724 0.055738
0 0.6159 0.504372 0.059387 0.073224
0 0.724138 0.071585 0.097701 0.064481
0 0.72318 0.152459 0.074713 0.055738
0 0.735153 0.222951 0.064176 0.052459
0 0.749042 0.312568 0.063218 0.050273
0 0.755268 0.412022 0.079502 0.059016
0 0.720785 0.66612 0.064176 0.081967
0 0.731801 0.851913 0.074713 0.112568
0 0.811303 0.857377 0.072797 0.114754
0 0.89272 0.856831 0.074713 0.107104
