0 0.684866 0.077596 0.047893 0.045902
0 0.601533 0.098907 0.038314 0.036066
0 0.311303 0.194536 0.042146 0.034973
0 0.289272 0.221311 0.045977 0.036066
0 0.26772 0.247541 0.037356 0.022951
0 0.34818 0.302186 0.031609 0.029508
0 0.410441 0.338798 0.058429 0.043716
0 0.47749 0.388525 0.043103 0.036066
0 0.34387 0.498361 0.034483 0.032787
0 0.292625 0.597814 0.039272 0.028415
0 0.216475 0.608743 0.030651 0.032787
0 0.160441 0.744262 0.029693 0.032787
0 0.170498 0.76612 0.032567 0.039344
0 0.176245 0.804372 0.032567 0.04153
0 0.126916 0.868306 0.031609 0.038251
0 0.087165 0.916393 0.038314 0.042623
0 0.045019 0.957377 0.04023 0.045902
0 0.36159 0.94918 0.046935 0.04918
0 0.393199 0.920765 0.041188 0.038251
0 0.40182 0.884699 0.039272 0.044809
0 0.424808 0.844262 0.039272 0.04918
0 0.484674 0.886339 0.051724 0.056831
0 0.558429 0.974317 0.032567 0.042623
0 0.580939 0.937158 0.043103 0.060109
0 0.60728 0.889617 0.036398 0.043716
0 0.623563 0.847541 0.04023 0.04918
0 0.638889 0.772131 0.032567 0.04918
0 0.676245 0.760109 0.038314 0.044809
0 0.691092 0.703279 0.043103 0.042623
0 0.726054 0.669399 0.051724 0.068852
0 0.750958 0.60765 0.047893 0.043716
0 0.77251 0.574317 0.045019 0.042623
0 0.648946 0.560109 0.035441 0.038251
0 0.670498 0.521311 0.042146 0.039344
0 0.685824 0.495082 0.034483 0.02623
0 0.838602 0.306557 0.029693 0.029508
0 0.849617 0.294536 0.028736 0.027322
0 0.847222 0.277596 0.023946 0.02623
0 0.858716 0.268306 0.029693 0.025137
0 0.375 0.237158 0.043103 0.030601
0 0.409962 0.980328 0.045977 0.032787
0 0.015326 0.989617 0.030651 0.018579
