0 0.091475 0.078689 0.056513 0.034973
0 0.072318 0.111475 0.052682 0.039344
0 0.064655 0.361202 0.050766 0.051366
0 0.109195 0.377596 0.055556 0.055738
0 0.167146 0.371038 0.056513 0.055738
0 0.230364 0.361749 0.046935 0.061202
0 0.277299 0.33224 0.046935 0.050273
0 0.355843 0.314754 0.052682 0.054645
0 0.48659 0.430601 0.05364 0.048087
0 0.422414 0.518033 0.05364 0.056831
0 0.336686 0.511475 0.058429 0.072131
0 0.276341 0.538798 0.062261 0.074317
0 0.212644 0.560109 0.061303 0.07541
0 0.147031 0.581421 0.064176 0.078689
0 0.512452 0.595082 0.055556 0.071038
0 0.038314 0.80929 0.057471 0.071038
0 0.616379 0.391803 0.045019 0.044809
0 0.766762 0.505464 0.054598 0.060109
0 0.94636 0.412022 0.065134 0.054645
