0 0.510536 0.840437 0.057471 0.069945
0 0.478448 0.772131 0.048851 0.062295
0 0.451149 0.708743 0.057471 0.04918
0 0.42433 0.649727 0.057471 0.04918
0 0.389368 0.583607 0.077586 0.072131
0 0.352969 0.494536 0.081418 0.060109
0 0.310345 0.431694 0.063218 0.059016
0 0.686303 0.63224 0.073755 0.066667
0 0.644157 0.53388 0.071839 0.066667
0 0.225096 0.228415 0.061303 0.045902
0 0.203544 0.177596 0.069923 0.055738
0 0.176245 0.122951 0.049808 0.042623
0 0.163314 0.069945 0.062261 0.04153
0 0.149425 0.027322 0.045977 0.04153
