0 0.175287 0.901639 0.05364 0.076503
0 0.223659 0.84918 0.037356 0.045902
0 0.2591 0.819126 0.039272 0.044809
0 0.291188 0.794536 0.044061 0.061202
0 0.596743 0.689071 0.032567 0.036066
0 0.641762 0.196721 0.044061 0.045902
0 0.911398 0.114208 0.035441 0.03388
0 0.602969 0.291257 0.020115 0.020765
0 0.635057 0.321311 0.019157 0.021858
0 0.677203 0.355191 0.019157 0.019672
0 0.716475 0.380328 0.030651 0.037158
0 0.749042 0.41694 0.019157 0.022951
0 0.548851 0.35082 0.019157 0.019672
0 0.616379 0.422404 0.031609 0.031694
