0 0.045498 0.451913 0.085249 0.097268
0 0.171456 0.560109 0.103448 0.099454
0 0.246648 0.461749 0.098659 0.099454
0 0.30795 0.370492 0.077586 0.065574
0 0.316571 0.330601 0.060345 0.046995
0 0.376916 0.297814 0.094828 0.079781
0 0.389368 0.239344 0.043103 0.039344
0 0.430077 0.255191 0.051724 0.038251
0 0.462165 0.220765 0.035441 0.037158
0 0.464559 0.197814 0.034483 0.034973
0 0.433429 0.185246 0.041188 0.036066
0 0.422414 0.225137 0.074713 0.059016
0 0.524425 0.138251 0.048851 0.036066
0 0.483716 0.162842 0.09387 0.065574
0 0.56705 0.084699 0.036398 0.03388
0 0.532088 0.108743 0.083333 0.055738
0 0.574234 0.055191 0.081418 0.057923
0 0.753352 0.130601 0.071839 0.066667
0 0.660441 0.287978 0.052682 0.044809
0 0.610632 0.353005 0.071839 0.065574
0 0.564176 0.391803 0.06705 0.055738
0 0.551245 0.449727 0.081418 0.081967
0 0.506705 0.496175 0.061303 0.054645
0 0.46887 0.545355 0.117816 0.107104
0 0.460249 0.619126 0.054598 0.057923
0 0.443008 0.673224 0.031609 0.034973
0 0.394157 0.657377 0.117816 0.108197
0 0.347222 0.760109 0.098659 0.09071
0 0.295019 0.842077 0.103448 0.097268
