0 0.728927 0.077596 0.057471 0.045902
0 0.78592 0.14153 0.048851 0.04918
0 0.64272 0.110929 0.04023 0.044809
0 0.595785 0.100546 0.042146 0.052459
0 0.546935 0.089617 0.047893 0.048087
0 0.532567 0.242077 0.088123 0.077596
0 0.624521 0.33224 0.059387 0.063388
0 0.683429 0.354098 0.050766 0.059016
0 0.713123 0.578689 0.071839 0.101639
0 0.625958 0.54918 0.062261 0.07541
0 0.538314 0.530055 0.065134 0.065574
0 0.384579 0.622404 0.085249 0.073224
0 0.381226 0.735519 0.109195 0.128962
0 0.564655 0.827322 0.077586 0.080874
0 0.642241 0.854645 0.071839 0.085246
0 0.113027 0.540984 0.06705 0.072131
