0 0.19086 0.072079 0.048387 0.086495
0 0.230287 0.137329 0.050179 0.086495
0 0.271953 0.201821 0.051075 0.088012
0 0.31586 0.265554 0.052867 0.088012
0 0.358871 0.336115 0.049283 0.086495
0 0.40233 0.402883 0.057348 0.092564
0 0.438172 0.46434 0.055556 0.091047
0 0.483871 0.531866 0.053763 0.08953
0 0.53181 0.60698 0.054659 0.094082
0 0.626792 0.75569 0.052867 0.097117
0 0.670699 0.826252 0.056452 0.101669
0 0.342294 0.024279 0.035842 0.051593
0 0.47043 0.267071 0.014337 0.027314
0 0.487903 0.235205 0.013441 0.021244
0 0.505376 0.204856 0.010753 0.027314
0 0.514785 0.19044 0.011649 0.022762
0 0.522849 0.175266 0.013441 0.019727
0 0.553315 0.177542 0.015233 0.021244
0 0.545251 0.194992 0.013441 0.022762
0 0.536738 0.223824 0.014337 0.031866
0 0.520161 0.240516 0.013441 0.022762
0 0.503136 0.270865 0.015233 0.031866
0 0.493728 0.286798 0.012545 0.021244
0 0.558692 0.243551 0.015233 0.025797
0 0.560484 0.264036 0.017025 0.018209
0 0.553315 0.27997 0.013441 0.022762
0 0.543459 0.278452 0.009857 0.019727
0 0.545699 0.296662 0.010753 0.022762
0 0.533602 0.292868 0.015233 0.027314
0 0.52733 0.30956 0.013441 0.021244
0 0.517473 0.323976 0.011649 0.022762
0 0.567652 0.30956 0.015233 0.027314
0 0.499552 0.406677 0.015233 0.024279
0 0.517473 0.417299 0.017025 0.027314
0 0.535842 0.387709 0.019713 0.025797
0 0.546595 0.408194 0.012545 0.021244
0 0.556004 0.420334 0.013441 0.024279
0 0.567204 0.435508 0.016129 0.021244
0 0.576165 0.450683 0.014337 0.024279
0 0.585573 0.468134 0.015233 0.031866
0 0.585125 0.52352 0.014337 0.027314
0 0.618728 0.578907 0.013441 0.022762
0 0.640681 0.614568 0.014337 0.024279
0 0.661738 0.649469 0.011649 0.018209
0 0.672939 0.653263 0.016129 0.025797
0 0.674731 0.666161 0.014337 0.021244
0 0.695789 0.703338 0.015233 0.031866
0 0.700269 0.634294 0.018817 0.036419
0 0.678763 0.601669 0.017025 0.028832
0 0.667115 0.580425 0.013441 0.022762
0 0.655914 0.581942 0.016129 0.025797
0 0.669803 0.597876 0.008065 0.015175
0 0.831989 0.832322 0.018817 0.034901
0 0.827957 0.715478 0.017921 0.034901
0 0.820789 0.622914 0.012545 0.031866
0 0.819892 0.603187 0.010753 0.022762
0 0.820789 0.581184 0.016129 0.030349
0 0.814516 0.444613 0.012545 0.036419
0 0.805556 0.280728 0.014337 0.027314
0 0.805108 0.239757 0.013441 0.030349
0 0.714606 0.327769 0.022401 0.018209
0 0.595878 0.337633 0.017921 0.034901
0 0.764337 0.160091 0.012545 0.031866
0 0.765233 0.183612 0.017921 0.018209
0 0.765681 0.207132 0.013441 0.031866
0 0.775538 0.215478 0.013441 0.027314
0 0.774194 0.245068 0.016129 0.025797
0 0.771953 0.270106 0.017025 0.036419
0 0.959677 0.471927 0.017921 0.024279
0 0.971774 0.540212 0.015233 0.024279
0 0.990591 0.526555 0.017025 0.027314
0 0.953853 0.585736 0.017025 0.027314
0 0.988351 0.596358 0.014337 0.027314
0 0.977599 0.653263 0.016129 0.025797
0 0.959677 0.70258 0.012545 0.030349
0 0.976254 0.701821 0.015233 0.025797
0 0.985663 0.830804 0.016129 0.028832
