0 0.624042 0.122404 0.048851 0.030601
0 0.722222 0.131694 0.047893 0.029508
0 0.445402 0.435519 0.057471 0.057923
0 0.503831 0.432787 0.024904 0.019672
0 0.523467 0.440437 0.031609 0.028415
0 0.504789 0.464481 0.04023 0.039344
0 0.550287 0.492896 0.060345 0.06776
0 0.645594 0.498361 0.051724 0.045902
0 0.933429 0.468306 0.022031 0.025137
0 0.203544 0.43388 0.068008 0.06776
0 0.187261 0.492896 0.043103 0.043716
0 0.389847 0.577049 0.051724 0.052459
0 0.447797 0.600546 0.050766 0.04918
0 0.511015 0.624044 0.050766 0.050273
0 0.571839 0.648087 0.051724 0.052459
0 0.621648 0.667213 0.030651 0.036066
