0 0.155651 0.019672 0.077586 0.037158
0 0.262931 0.088525 0.025862 0.024044
0 0.313697 0.05847 0.023946 0.022951
0 0.339559 0.044809 0.025862 0.024044
0 0.363506 0.083607 0.027778 0.027322
0 0.336686 0.095082 0.022031 0.021858
0 0.310824 0.109836 0.022031 0.022951
0 0.284962 0.12623 0.025862 0.025137
0 0.458333 0.338251 0.092912 0.071038
0 0.600575 0.286339 0.072797 0.076503
0 0.518199 0.455191 0.082375 0.077596
0 0.624521 0.477049 0.082375 0.09071
0 0.730843 0.469945 0.072797 0.078689
0 0.479885 0.630601 0.038314 0.034973
0 0.542146 0.585792 0.019157 0.024044
0 0.599617 0.635519 0.02682 0.027322
0 0.664751 0.670492 0.030651 0.036066
0 0.691092 0.81694 0.029693 0.03388
0 0.711207 0.798361 0.025862 0.027322
0 0.774425 0.768306 0.018199 0.019672
0 0.61159 0.550273 0.029693 0.036066
0 0.670019 0.550273 0.048851 0.053552
0 0.660441 0.608197 0.079502 0.081967
0 0.720785 0.548087 0.083333 0.081967
0 0.788314 0.544262 0.088123 0.093989
0 0.843391 0.625683 0.071839 0.081967
0 0.769636 0.642623 0.079502 0.093989
0 0.830939 0.731694 0.083333 0.101639
0 0.893678 0.7 0.070881 0.084153
