0 0.476533 0.278689 0.068008 0.052459
0 0.548372 0.213661 0.056513 0.042623
0 0.582375 0.198361 0.051724 0.042623
0 0.587644 0.167213 0.054598 0.039344
0 0.632663 0.189071 0.054598 0.045902
0 0.66523 0.143716 0.071839 0.051366
0 0.722222 0.13224 0.05364 0.056831
0 0.688697 0.206011 0.063218 0.066667
0 0.720307 0.279781 0.074713 0.063388
0 0.640805 0.404918 0.068966 0.081967
0 0.61159 0.487432 0.073755 0.065574
0 0.338602 0.479781 0.056513 0.06776
0 0.39751 0.497268 0.059387 0.065574
0 0.454502 0.51694 0.060345 0.065574
0 0.512452 0.536612 0.061303 0.065574
0 0.676245 0.704918 0.059387 0.072131
0 0.72749 0.66612 0.054598 0.068852
0 0.770594 0.601093 0.054598 0.06776
0 0.808429 0.546995 0.055556 0.064481
0 0.876437 0.443169 0.063218 0.068852
0 0.854406 0.369945 0.061303 0.066667
0 0.862069 0.287978 0.063218 0.066667
0 0.829981 0.23224 0.062261 0.064481
0 0.801724 0.177596 0.057471 0.062295
