0 0.40613 0.031694 0.072797 0.052459
0 0.403257 0.098361 0.082375 0.059016
0 0.399425 0.165027 0.08046 0.069945
0 0.715517 0.022404 0.051724 0.044809
0 0.792625 0.017486 0.068008 0.034973
0 0.748563 0.128962 0.066092 0.056831
0 0.814176 0.12623 0.065134 0.055738
0 0.784962 0.286885 0.083333 0.081967
0 0.858716 0.281967 0.079502 0.091803
0 0.07136 0.704918 0.092912 0.137705
0 0.185824 0.684699 0.086207 0.106011
0 0.311303 0.679781 0.090038 0.113661
0 0.659962 0.668852 0.091954 0.137705
0 0.778257 0.66776 0.085249 0.111475
