0 0.12069 0.857377 0.105364 0.127869
0 0.227011 0.780874 0.06705 0.084153
0 0.40182 0.740437 0.068008 0.077596
0 0.525862 0.696721 0.103448 0.136612
0 0.598659 0.662295 0.05364 0.06776
0 0.672414 0.645902 0.055556 0.076503
0 0.722701 0.610929 0.058429 0.06776
0 0.815134 0.591803 0.101533 0.123497
0 0.873084 0.566667 0.039272 0.042623
0 0.923851 0.542077 0.052682 0.065574
0 0.978448 0.528962 0.039272 0.061202
0 0.478927 0.115847 0.038314 0.039344
0 0.516284 0.104918 0.036398 0.04153
0 0.559866 0.093989 0.039272 0.032787
0 0.596743 0.085246 0.036398 0.037158
0 0.62931 0.078689 0.036398 0.034973
0 0.68295 0.068852 0.036398 0.037158
0 0.716954 0.060656 0.039272 0.03388
0 0.755268 0.053005 0.035441 0.03388
0 0.787835 0.043169 0.033525 0.036066
0 0.82567 0.032787 0.042146 0.034973
0 0.839559 0.147541 0.045019 0.032787
0 0.871169 0.159016 0.050766 0.040437
0 0.862548 0.186885 0.041188 0.037158
0 0.913314 0.254098 0.052682 0.042623
