0 0.555556 0.263388 0.059387 0.056831
0 0.6159 0.254645 0.055556 0.052459
0 0.462165 0.376503 0.068008 0.079781
0 0.58477 0.386339 0.066092 0.077596
0 0.646073 0.376503 0.058429 0.079781
0 0.714559 0.370492 0.063218 0.072131
0 0.775383 0.368306 0.069923 0.080874
0 0.937261 0.454098 0.060345 0.07541
0 0.64751 0.612022 0.076628 0.078689
0 0.289272 0.402186 0.057471 0.072131
0 0.346743 0.397814 0.051724 0.076503
0 0.31705 0.497814 0.044061 0.057923
0 0.319923 0.574863 0.044061 0.061202
0 0.393199 0.565027 0.041188 0.056831
0 0.069444 0.430601 0.077586 0.076503
0 0.123563 0.424044 0.051724 0.069945
0 0.180077 0.418033 0.057471 0.07541
0 0.050287 0.515847 0.071839 0.08306
0 0.143678 0.589617 0.063218 0.092896
0 0.141284 0.679781 0.066092 0.093989
