0 0.110153 0.069399 0.059387 0.046995
0 0.092433 0.137158 0.083333 0.066667
0 0.070402 0.208197 0.085249 0.068852
0 0.048372 0.281967 0.081418 0.074317
0 0.020594 0.443716 0.043103 0.06776
0 0.266762 0.054098 0.069923 0.062295
0 0.241379 0.147541 0.08046 0.072131
0 0.224617 0.252459 0.083333 0.072131
0 0.198755 0.348087 0.068008 0.062295
0 0.16092 0.568306 0.095785 0.102732
0 0.266284 0.678689 0.09387 0.100546
0 0.336686 0.262842 0.077586 0.084153
0 0.45977 0.140437 0.074713 0.066667
0 0.449234 0.246995 0.088123 0.074317
0 0.440134 0.368306 0.094828 0.085246
0 0.420019 0.468306 0.104406 0.095082
0 0.413314 0.571585 0.090996 0.098361
0 0.402778 0.684699 0.096743 0.103825
0 0.396073 0.80765 0.085249 0.091803
0 0.633621 0.05847 0.079502 0.066667
0 0.633621 0.139344 0.081418 0.068852
0 0.633621 0.246448 0.087165 0.079781
0 0.628352 0.349727 0.074713 0.06776
0 0.630747 0.47377 0.094828 0.097268
0 0.637931 0.590164 0.090038 0.102732
0 0.6341 0.706011 0.097701 0.104918
0 0.632184 0.831148 0.088123 0.097268
0 0.85728 0.191257 0.090038 0.074317
0 0.868295 0.269945 0.08908 0.076503
0 0.925287 0.679235 0.103448 0.108197
