0 0.073755 0.02459 0.024904 0.016393
0 0.058908 0.036612 0.022031 0.016393
0 0.047893 0.045902 0.022989 0.017486
0 0.796935 0.126776 0.034483 0.032787
0 0.833812 0.13388 0.035441 0.036066
0 0.871648 0.15082 0.04023 0.04153
0 0.603448 0.16612 0.047893 0.048087
0 0.719349 0.187978 0.06705 0.063388
0 0.45977 0.239891 0.05364 0.040437
0 0.473659 0.262842 0.037356 0.036066
0 0.506226 0.246995 0.045019 0.04153
0 0.551724 0.275956 0.036398 0.036066
0 0.524425 0.308197 0.039272 0.039344
0 0.55795 0.361749 0.025862 0.028415
0 0.587644 0.365574 0.039272 0.044809
0 0.568487 0.39235 0.045019 0.04153
0 0.595785 0.40929 0.042146 0.04918
0 0.613506 0.379235 0.050766 0.04153
0 0.227969 0.606557 0.06705 0.06776
0 0.309866 0.656284 0.043103 0.046995
0 0.120211 0.660109 0.060345 0.076503
0 0.073276 0.732787 0.058429 0.077596
0 0.183908 0.708743 0.032567 0.038251
0 0.234674 0.731694 0.045977 0.055738
0 0.09818 0.808743 0.045019 0.052459
0 0.140805 0.828962 0.061303 0.077596
0 0.181034 0.809836 0.042146 0.059016
