0 0.236559 0.29742 0.053763 0.081942
0 0.274642 0.333839 0.045699 0.094082
0 0.292115 0.269347 0.055556 0.107739
0 0.333333 0.238998 0.060932 0.110774
0 0.437724 0.453718 0.065412 0.124431
0 0.494624 0.540212 0.077061 0.14264
0 0.508961 0.635053 0.050179 0.092564
0 0.531362 0.680577 0.080645 0.128983
0 0.620968 0.671472 0.037634 0.059181
0 0.609319 0.58346 0.046595 0.07132
0 0.603047 0.531866 0.030466 0.040971
0 0.593638 0.492413 0.033154 0.047041
0 0.636201 0.412747 0.048387 0.069803
0 0.625 0.358118 0.042115 0.054628
0 0.583781 0.305766 0.068996 0.101669
0 0.624104 0.305766 0.047491 0.062215
0 0.612007 0.256449 0.046595 0.057663
0 0.621416 0.113809 0.06362 0.081942
