0 0.06705 0.36776 0.038314 0.029508
0 0.05364 0.418579 0.034483 0.032787
0 0.245211 0.363388 0.038314 0.038251
0 0.216954 0.397268 0.043103 0.036066
0 0.198276 0.437158 0.04023 0.037158
0 0.188218 0.488525 0.043103 0.039344
0 0.103927 0.621311 0.048851 0.04918
0 0.305556 0.350273 0.038314 0.031694
0 0.342433 0.286339 0.037356 0.034973
0 0.341954 0.546995 0.04023 0.038251
0 0.370211 0.58306 0.045019 0.051366
0 0.560824 0.351913 0.043103 0.04153
0 0.552203 0.403825 0.083333 0.068852
0 0.572797 0.467213 0.042146 0.042623
0 0.572797 0.522951 0.05364 0.04918
0 0.658046 0.377596 0.045977 0.042623
0 0.71408 0.412022 0.048851 0.039344
0 0.717433 0.530601 0.063218 0.053552
0 0.818008 0.471038 0.045977 0.045902
0 0.766762 0.287432 0.039272 0.039344
0 0.838123 0.651913 0.045977 0.053552
0 0.934387 0.581421 0.054598 0.054645
