0 0.542146 0.032787 0.015326 0.019672
0 0.651341 0.066667 0.059387 0.059016
0 0.735153 0.069945 0.029693 0.02623
0 0.765326 0.078142 0.022989 0.025137
0 0.800766 0.078689 0.019157 0.019672
0 0.835249 0.085246 0.017241 0.015301
0 0.8659 0.089071 0.019157 0.016393
0 0.895594 0.090164 0.021073 0.016393
0 0.924808 0.095082 0.023946 0.019672
0 0.954502 0.096721 0.022031 0.018579
0 0.897989 0.260656 0.027778 0.027322
0 0.954981 0.285246 0.042146 0.039344
0 0.985632 0.339891 0.024904 0.02623
0 0.984195 0.403279 0.023946 0.024044
0 0.983716 0.587978 0.015326 0.024044
0 0.994253 0.587978 0.009579 0.019672
0 0.333333 0.168852 0.044061 0.036066
0 0.383621 0.274863 0.031609 0.040437
0 0.443966 0.319126 0.045019 0.039344
0 0.327107 0.384153 0.043103 0.044809
0 0.348659 0.561202 0.084291 0.077596
0 0.312739 0.657377 0.10249 0.09071
0 0.130747 0.849727 0.081418 0.09071
