0 0.586207 0.039344 0.024904 0.024044
0 0.744732 0.118579 0.039272 0.036066
0 0.626437 0.319126 0.036398 0.037158
0 0.430556 0.289071 0.046935 0.051366
0 0.572318 0.407104 0.029693 0.031694
0 0.681513 0.384699 0.023946 0.021858
0 0.51772 0.504918 0.022031 0.030601
0 0.245211 0.43224 0.061303 0.068852
0 0.257663 0.474317 0.059387 0.06776
0 0.302203 0.485792 0.071839 0.088525
0 0.246169 0.762295 0.049808 0.062295
0 0.27682 0.854098 0.038314 0.053552
0 0.322318 0.829508 0.060345 0.085246
0 0.340038 0.905464 0.024904 0.036066
0 0.394157 0.813115 0.023946 0.039344
