0 0.436782 0.486339 0.04023 0.043716
0 0.535441 0.156831 0.049808 0.038251
0 0.589559 0.242623 0.048851 0.045902
0 0.614464 0.412568 0.050766 0.053552
0 0.658046 0.399454 0.045977 0.051366
0 0.77251 0.319672 0.045019 0.04918
0 0.819923 0.087432 0.047893 0.032787
0 0.896073 0.15847 0.045019 0.037158
0 0.97318 0.319672 0.045977 0.04918
0 0.678161 0.738798 0.04023 0.050273
0 0.733238 0.714754 0.025862 0.032787
0 0.79023 0.706011 0.034483 0.04153
0 0.847222 0.695082 0.027778 0.032787
0 0.900383 0.670492 0.047893 0.062295
