0 0.387452 0.243169 0.054598 0.04918
0 0.452586 0.451913 0.041188 0.040437
0 0.472701 0.513661 0.048851 0.04153
0 0.491858 0.579781 0.046935 0.042623
0 0.585728 0.800546 0.062261 0.053552
0 0.61159 0.87377 0.054598 0.057923
0 0.628352 0.934973 0.047893 0.057923
0 0.655651 0.979781 0.056513 0.036066
0 0.52682 0.125683 0.038314 0.02623
0 0.552682 0.174317 0.036398 0.031694
0 0.518678 0.234426 0.056513 0.051366
0 0.571839 0.213115 0.05364 0.052459
0 0.583333 0.24153 0.036398 0.028415
0 0.547893 0.279235 0.072797 0.057923
0 0.60728 0.29235 0.061303 0.055738
0 0.644636 0.370492 0.042146 0.039344
0 0.657567 0.402186 0.045019 0.043716
0 0.685824 0.419126 0.02682 0.025137
0 0.688697 0.474317 0.045977 0.045902
0 0.653736 0.563934 0.050766 0.056831
0 0.698276 0.547541 0.06705 0.065574
0 0.897989 0.703279 0.039272 0.044809
0 0.918103 0.969945 0.054598 0.055738
