0 0.650538 0.852049 0.057348 0.107739
0 0.589158 0.860395 0.060036 0.112291
0 0.527778 0.858877 0.060932 0.124431
0 0.465502 0.860395 0.06362 0.124431
0 0.401882 0.860395 0.060036 0.121396
0 0.337814 0.859636 0.062724 0.122914
0 0.275538 0.860395 0.061828 0.121396
0 0.669803 0.623672 0.060036 0.121396
0 0.607975 0.622914 0.058244 0.119879
0 0.479839 0.62519 0.060036 0.106222
0 0.413978 0.620637 0.05914 0.118361
0 0.282258 0.606222 0.053763 0.104704
0 0.280018 0.489378 0.054659 0.098634
0 0.277778 0.374052 0.050179 0.092564
0 0.281362 0.259484 0.053763 0.091047
0 0.282706 0.16085 0.052867 0.084977
0 0.286738 0.0478 0.055556 0.08346
0 0.400986 0.364188 0.043907 0.091047
0 0.470878 0.361153 0.042115 0.084977
0 0.493728 0.143399 0.057348 0.098634
