0 0.051724 0.366667 0.045977 0.044809
0 0.072318 0.465027 0.077586 0.066667
0 0.313697 0.365027 0.048851 0.043716
0 0.293582 0.468852 0.048851 0.045902
0 0.411877 0.486339 0.049808 0.048087
0 0.367337 0.523497 0.045019 0.045902
0 0.319923 0.561749 0.047893 0.048087
0 0.226054 0.638798 0.057471 0.053552
0 0.152299 0.689617 0.063218 0.080874
0 0.200192 0.769399 0.063218 0.085246
0 0.483716 0.668306 0.024904 0.027322
0 0.516284 0.632787 0.028736 0.032787
0 0.427682 0.880328 0.039272 0.042623
0 0.512452 0.801093 0.038314 0.061202
0 0.594828 0.725137 0.04023 0.055738
0 0.629789 0.699454 0.025862 0.028415
0 0.674808 0.653005 0.035441 0.042623
0 0.704023 0.623497 0.04023 0.042623
0 0.742816 0.583607 0.043103 0.052459
0 0.635057 0.530601 0.028736 0.031694
0 0.74569 0.428415 0.031609 0.039344
0 0.815613 0.524044 0.033525 0.038251
0 0.839559 0.495082 0.037356 0.045902
0 0.875 0.463388 0.037356 0.034973
0 0.901341 0.437158 0.034483 0.034973
0 0.958333 0.390164 0.025862 0.02623
0 0.988027 0.35082 0.018199 0.032787
0 0.895594 0.296721 0.022989 0.029508
0 0.961686 0.195082 0.051724 0.055738
