0 0.324713 0.061749 0.068966 0.09071
0 0.264368 0.276503 0.08046 0.089617
0 0.230843 0.513661 0.076628 0.085246
0 0.294061 0.537158 0.082375 0.103825
0 0.453065 0.225683 0.063218 0.071038
0 0.472222 0.296175 0.090038 0.076503
0 0.631226 0.233333 0.045977 0.04918
0 0.642241 0.286339 0.054598 0.050273
0 0.648467 0.339891 0.057471 0.059016
0 0.656609 0.391803 0.054598 0.04918
0 0.694923 0.102186 0.052682 0.055738
0 0.711207 0.146995 0.048851 0.044809
0 0.725575 0.199454 0.054598 0.051366
0 0.869732 0.202186 0.028736 0.032787
0 0.908046 0.369945 0.051724 0.053552
0 0.261494 0.752459 0.051724 0.068852
0 0.268199 0.85847 0.05364 0.071038
0 0.436782 0.727322 0.057471 0.071038
0 0.426245 0.851913 0.047893 0.073224
