0 0.065134 0.584153 0.072797 0.081967
0 0.140326 0.565027 0.069923 0.08306
0 0.215038 0.546448 0.052682 0.063388
0 0.287835 0.521858 0.068008 0.07541
0 0.359674 0.5 0.054598 0.062295
0 0.790709 0.387432 0.10249 0.106011
0 0.921935 0.630601 0.113985 0.131148
0 0.6341 0.719672 0.114943 0.138798
0 0.511973 0.755738 0.069923 0.07541
0 0.430077 0.772678 0.072797 0.102732
0 0.349617 0.793989 0.072797 0.09071
0 0.263889 0.80929 0.073755 0.077596
0 0.181513 0.838798 0.079502 0.081967
0 0.094349 0.871038 0.07567 0.091803
