0 0.70056 0.02459 0.037313 0.025137
0 0.694963 0.061749 0.046642 0.027322
0 0.625 0.177596 0.026119 0.022951
0 0.631996 0.201093 0.027052 0.019672
0 0.576493 0.198907 0.027985 0.021858
0 0.581623 0.247541 0.032649 0.025137
0 0.588619 0.277596 0.018657 0.019672
0 0.614739 0.262842 0.026119 0.025137
0 0.63153 0.245355 0.027985 0.025137
0 0.66791 0.237158 0.026119 0.021858
0 0.733209 0.422404 0.052239 0.042623
0 0.593284 0.496175 0.06903 0.050273
0 0.603078 0.620219 0.07556 0.060109
0 0.815765 0.627322 0.051306 0.056831
0 0.284049 0.856284 0.056903 0.092896
