0 0.711686 0.032787 0.086207 0.059016
0 0.601533 0.022404 0.047893 0.040437
0 0.786877 0.020219 0.046935 0.029508
0 0.125958 0.03224 0.073755 0.053552
0 0.207854 0.055191 0.078544 0.073224
0 0.375 0.112568 0.08908 0.096175
0 0.265805 0.201093 0.094828 0.08306
0 0.242337 0.298361 0.061303 0.059016
0 0.20546 0.379235 0.071839 0.059016
0 0.16523 0.454098 0.077586 0.055738
0 0.067529 0.622404 0.060345 0.060109
0 0.060824 0.701639 0.054598 0.059016
0 0.474138 0.37541 0.091954 0.095082
0 0.421935 0.486339 0.104406 0.100546
0 0.37069 0.624044 0.074713 0.074317
0 0.312739 0.743716 0.119732 0.13224
0 0.265326 0.903825 0.084291 0.085246
0 0.900383 0.148634 0.078544 0.089617
0 0.749521 0.310929 0.104406 0.079781
0 0.642241 0.656284 0.112069 0.114754
0 0.608238 0.794536 0.126437 0.133333
