0 0.26341 0.255191 0.063218 0.064481
0 0.309387 0.231148 0.063218 0.062295
0 0.087165 0.569399 0.08046 0.069945
0 0.174808 0.537158 0.094828 0.095082
0 0.265326 0.475956 0.072797 0.062295
0 0.326628 0.548087 0.04023 0.038251
0 0.055077 0.751366 0.083333 0.114754
0 0.41954 0.627322 0.04023 0.037158
0 0.476054 0.536066 0.032567 0.04918
0 0.534483 0.495628 0.051724 0.057923
0 0.659483 0.414754 0.064176 0.088525
0 0.722222 0.396721 0.072797 0.078689
0 0.79023 0.36612 0.045977 0.04153
0 0.827107 0.336612 0.025862 0.02623
0 0.868295 0.331148 0.048851 0.061202
0 0.924808 0.297814 0.043103 0.038251
0 0.770115 0.06776 0.057471 0.045902
0 0.778736 0.054645 0.036398 0.034973
0 0.778736 0.010383 0.04023 0.022951
0 0.841475 0.045902 0.041188 0.028415
0 0.814176 0.034426 0.045977 0.038251
0 0.863027 0.031694 0.05364 0.043716
0 0.917146 0.033333 0.052682 0.040437
0 0.95977 0.024044 0.04023 0.030601
0 0.876916 0.685792 0.081418 0.07541
0 0.931513 0.668852 0.039272 0.045902
0 0.961686 0.654098 0.04023 0.04918
0 0.953544 0.612568 0.052682 0.040437
0 0.935824 0.769945 0.061303 0.060109
0 0.96887 0.828962 0.058429 0.071038
0 0.886015 0.830601 0.116858 0.131148
0 0.197318 0.238798 0.032567 0.027322
