0 0.021073 0.081967 0.036398 0.02623
0 0.072797 0.025137 0.04023 0.02623
0 0.170977 0.120219 0.029693 0.028415
0 0.215996 0.121858 0.027778 0.031694
0 0.251437 0.123497 0.033525 0.04153
0 0.289272 0.140984 0.04023 0.052459
0 0.329023 0.155191 0.048851 0.054645
0 0.372605 0.17377 0.042146 0.043716
0 0.395594 0.076503 0.049808 0.048087
0 0.483238 0.10765 0.045019 0.040437
0 0.53592 0.116393 0.058429 0.053552
0 0.492337 0.21694 0.042146 0.040437
0 0.549808 0.235519 0.076628 0.07541
0 0.60728 0.259016 0.055556 0.069945
0 0.335728 0.577049 0.060345 0.061202
0 0.52682 0.555738 0.082375 0.088525
0 0.257663 0.78306 0.055556 0.073224
0 0.015326 0.734973 0.028736 0.064481
0 0.060824 0.782514 0.050766 0.050273
0 0.132184 0.829508 0.047893 0.065574
