0 0.431513 0.287978 0.043103 0.046995
0 0.242816 0.43224 0.054598 0.064481
0 0.258142 0.472131 0.056513 0.065574
0 0.301724 0.485246 0.074713 0.085246
0 0.246648 0.763934 0.046935 0.059016
0 0.27682 0.859016 0.044061 0.052459
0 0.322797 0.828962 0.055556 0.079781
0 0.340038 0.904372 0.02682 0.040437
0 0.394636 0.812568 0.024904 0.038251
0 0.518199 0.502732 0.024904 0.028415
0 0.572797 0.406557 0.032567 0.032787
0 0.681992 0.384699 0.024904 0.024044
0 0.627874 0.319126 0.037356 0.028415
0 0.745211 0.120219 0.044061 0.039344
0 0.586686 0.039891 0.025862 0.022951
