0 0.36847 0.077596 0.014925 0.019672
0 0.386194 0.07377 0.018657 0.018579
0 0.412313 0.070492 0.024254 0.020765
0 0.432836 0.065027 0.016791 0.014208
0 0.367537 0.113661 0.016791 0.015301
0 0.385261 0.106557 0.018657 0.016393
0 0.382929 0.123497 0.023321 0.019672
0 0.354478 0.14918 0.016791 0.016393
0 0.313433 0.159563 0.014925 0.017486
0 0.308302 0.17541 0.015858 0.016393
0 0.305504 0.194536 0.015858 0.017486
0 0.297108 0.208197 0.01959 0.020765
0 0.321362 0.198907 0.015858 0.015301
0 0.340485 0.195628 0.022388 0.019672
0 0.291978 0.288525 0.037313 0.032787
0 0.372201 0.279781 0.031716 0.028415
0 0.277985 0.62459 0.039179 0.053552
0 0.465485 0.786339 0.050373 0.053552
0 0.697295 0.810383 0.081157 0.106011
0 0.734142 0.816393 0.046642 0.076503
0 0.709888 0.748634 0.06903 0.056831
0 0.693563 0.571585 0.038246 0.063388
