0 0.078065 0.849727 0.050766 0.060109
0 0.199234 0.977049 0.045977 0.043716
0 0.249042 0.911475 0.045977 0.065574
0 0.311782 0.806011 0.058429 0.064481
0 0.381705 0.751913 0.045019 0.052459
0 0.406609 0.674863 0.068008 0.062295
0 0.440613 0.604372 0.042146 0.045902
0 0.461207 0.523497 0.041188 0.048087
0 0.480364 0.418579 0.029693 0.037158
0 0.496169 0.47377 0.030651 0.03388
0 0.512931 0.445902 0.029693 0.04153
0 0.552682 0.466667 0.05364 0.065574
0 0.590517 0.508743 0.039272 0.044809
0 0.628831 0.531148 0.048851 0.052459
0 0.697797 0.569945 0.052682 0.055738
0 0.784004 0.561202 0.052682 0.04918
0 0.953065 0.313661 0.047893 0.037158
0 0.899425 0.784153 0.068966 0.066667
