0 0.838619 0.165027 0.067164 0.061202
0 0.765392 0.477596 0.069963 0.078689
0 0.686567 0.546995 0.074627 0.084153
0 0.612407 0.646448 0.055037 0.07541
0 0.528451 0.717486 0.055037 0.073224
0 0.475746 0.760109 0.05597 0.086339
0 0.355877 0.85847 0.066231 0.079781
0 0.03125 0.652459 0.017724 0.032787
0 0.052239 0.669945 0.046642 0.069945
0 0.075093 0.631148 0.041978 0.04918
0 0.057836 0.591257 0.018657 0.028415
0 0.01306 0.721858 0.026119 0.068852
0 0.090019 0.695082 0.071828 0.085246
0 0.174907 0.499454 0.036381 0.034973
0 0.180037 0.524044 0.039179 0.044809
0 0.19403 0.553552 0.022388 0.031694
0 0.244403 0.517486 0.039179 0.040437
0 0.30597 0.498907 0.05597 0.062295
0 0.229011 0.437158 0.025187 0.030601
0 0.335821 0.271585 0.016791 0.025137
0 0.349347 0.276503 0.025187 0.028415
0 0.348881 0.285246 0.024254 0.02623
0 0.366138 0.289617 0.025187 0.028415
0 0.377332 0.310929 0.025187 0.027322
0 0.389925 0.328962 0.033582 0.028415
0 0.413713 0.35847 0.036381 0.034973
0 0.431903 0.394536 0.039179 0.04153
0 0.42444 0.436612 0.037313 0.036066
0 0.510261 0.296175 0.059701 0.069945
0 0.29431 0.100546 0.032649 0.032787
0 0.312034 0.119126 0.030784 0.028415
0 0.321828 0.140437 0.022388 0.027322
0 0.343284 0.160109 0.037313 0.031694
0 0.351679 0.179781 0.029851 0.031694
0 0.372201 0.199454 0.027985 0.031694
0 0.387593 0.222404 0.025187 0.031694
0 0.220616 0.05847 0.030784 0.03388
0 0.193563 0.069399 0.032649 0.036066
0 0.21875 0.081967 0.032649 0.02623
0 0.197761 0.101093 0.037313 0.03388
0 0.161847 0.084153 0.030784 0.032787
0 0.168843 0.097814 0.033582 0.03388
0 0.177705 0.113115 0.030784 0.036066
0 0.162313 0.15847 0.027985 0.030601
0 0.402519 0.240437 0.013993 0.019672
0 0.410914 0.248634 0.017724 0.022951
