0 0.054119 0.035519 0.048851 0.025137
0 0.021552 0.111475 0.039272 0.028415
0 0.015805 0.145902 0.029693 0.029508
0 0.201149 0.012022 0.024904 0.021858
0 0.125 0.15082 0.056513 0.043716
0 0.136494 0.104918 0.046935 0.045902
0 0.165709 0.057923 0.047893 0.045902
0 0.217433 0.060109 0.045977 0.034973
0 0.269636 0.061202 0.046935 0.043716
0 0.264847 0.107104 0.058429 0.045902
0 0.236111 0.153552 0.060345 0.04918
0 0.316092 0.225683 0.045977 0.04918
0 0.350096 0.184153 0.048851 0.04918
0 0.385536 0.148087 0.037356 0.040437
0 0.425287 0.117486 0.042146 0.040437
0 0.407567 0.262295 0.041188 0.043716
0 0.543103 0.162842 0.042146 0.034973
0 0.584291 0.13388 0.05364 0.044809
0 0.618295 0.106557 0.054598 0.042623
0 0.689176 0.105464 0.029693 0.029508
0 0.658046 0.226776 0.049808 0.04918
0 0.633621 0.282514 0.031609 0.03388
0 0.703544 0.298361 0.033525 0.034973
0 0.655651 0.337705 0.041188 0.034973
0 0.319923 0.412568 0.05364 0.055738
0 0.366379 0.423497 0.037356 0.040437
0 0.410441 0.43224 0.056513 0.064481
0 0.556992 0.376503 0.060345 0.066667
0 0.600575 0.385246 0.038314 0.044809
0 0.636973 0.395082 0.030651 0.027322
0 0.680077 0.408197 0.02682 0.029508
0 0.755747 0.422951 0.063218 0.061202
0 0.751437 0.53388 0.039272 0.042623
0 0.613985 0.502732 0.04023 0.037158
0 0.238506 0.5 0.032567 0.040437
0 0.092433 0.728415 0.045019 0.046995
0 0.212165 0.667213 0.048851 0.053552
0 0.224617 0.722404 0.046935 0.054645
0 0.248563 0.796721 0.041188 0.052459
0 0.112548 0.983607 0.054598 0.028415
0 0.261973 0.96776 0.045019 0.051366
0 0.302682 0.596721 0.04023 0.052459
0 0.418103 0.585246 0.039272 0.044809
0 0.431992 0.635519 0.05364 0.055738
0 0.455939 0.675956 0.036398 0.040437
0 0.597222 0.602186 0.039272 0.048087
0 0.630268 0.721858 0.04023 0.04918
0 0.708333 0.812568 0.071839 0.068852
0 0.873563 0.86776 0.070881 0.085246
